0.0000 0.9990 0.7890 0.4016 0.2847 0.9515 0.9356 
0.1000 0.9980 0.7890 0.4016 0.2847 0.9515 0.9252 
0.2000 0.9970 0.7890 0.4016 0.2847 0.9515 0.9137 
0.3000 0.9960 0.7890 0.4016 0.2847 0.9515 0.9013 
0.4000 0.9950 0.7890 0.4016 0.2847 0.9515 0.8878 
0.5000 0.9940 0.7890 0.4016 0.2847 0.9515 0.8734 
0.6000 0.9930 0.7890 0.4016 0.2847 0.9515 0.8581 
0.7000 0.9920 0.7890 0.4016 0.2847 0.9515 0.8419 
0.8000 0.9910 0.7890 0.4016 0.2847 0.9515 0.8250 
0.9000 0.9900 0.7890 0.4016 0.2847 0.9515 0.8075 
1.0000 0.9890 0.7890 0.4016 0.2847 0.9515 0.7894 
1.1000 0.9880 0.7890 0.4016 0.2847 0.9515 0.7709 
1.2000 0.9870 0.7890 0.4016 0.2847 0.9515 0.7520 
1.3000 0.9860 0.7890 0.4016 0.2847 0.9515 0.7329 
1.4000 0.9850 0.7890 0.4016 0.2847 0.9515 0.7138 
1.5000 0.9840 0.7890 0.4016 0.2847 0.9515 0.6946 
1.6000 0.9830 0.7890 0.4016 0.2847 0.9515 0.6755 
1.7000 0.9820 0.7890 0.4016 0.2847 0.9515 0.6566 
1.8000 0.9810 0.7890 0.4016 0.2847 0.9515 0.6380 
1.9000 0.9800 0.7890 0.4016 0.2847 0.9515 0.6198 
2.0000 0.9790 0.7890 0.4016 0.2847 0.9515 0.6019 
2.1000 0.9780 0.7890 0.4016 0.2847 0.9515 0.5845 
2.2000 0.9770 0.7890 0.4016 0.2847 0.9515 0.5676 
2.3000 0.9760 0.7890 0.4016 0.2847 0.9515 0.5512 
2.4000 0.9750 0.7890 0.4016 0.2847 0.9515 0.5353 
2.5000 0.9740 0.7890 0.4016 0.2847 0.9515 0.5201 
2.6000 0.9730 0.7890 0.4016 0.2847 0.9515 0.5054 
2.7000 0.9720 0.7890 0.4016 0.2847 0.9515 0.4913 
2.8000 0.9710 0.7890 0.4016 0.2847 0.9515 0.4778 
2.9000 0.9700 0.7890 0.4016 0.2847 0.9515 0.4649 
3.0000 0.9690 0.7890 0.4016 0.2847 0.9515 0.4525 
3.1000 0.9680 0.7890 0.4016 0.2847 0.9515 0.4407 
3.2000 0.9670 0.7890 0.4016 0.2847 0.9515 0.4295 
3.3000 0.9660 0.7890 0.4016 0.2847 0.9515 0.4187 
3.4000 0.9650 0.7890 0.4016 0.2847 0.9515 0.4086 
3.5000 0.9640 0.7890 0.4016 0.2847 0.9515 0.3989 
3.6000 0.9630 0.7890 0.4016 0.2847 0.9515 0.3896 
3.7000 0.9620 0.7890 0.4016 0.2847 0.9515 0.3809 
3.8000 0.9610 0.7890 0.4016 0.2847 0.9515 0.3726 
3.9000 0.9600 0.7890 0.4016 0.2847 0.9515 0.3647 
4.0000 0.9590 0.7890 0.4016 0.2847 0.9515 0.3572 
4.1000 0.9580 0.7890 0.4016 0.2847 0.9515 0.3501 
4.2000 0.9570 0.7890 0.4016 0.2847 0.9515 0.3433 
4.3000 0.9560 0.7890 0.4016 0.2847 0.9515 0.3370 
4.4000 0.9550 0.7890 0.4016 0.2847 0.9515 0.3309 
4.5000 0.9540 0.7890 0.4016 0.2847 0.9515 0.3252 
4.6000 0.9530 0.7890 0.4016 0.2847 0.9515 0.3197 
4.7000 0.9520 0.7890 0.4016 0.2847 0.9515 0.3146 
4.8000 0.9510 0.7890 0.4016 0.2847 0.9515 0.3097 
4.9000 0.9500 0.7890 0.4016 0.2847 0.9515 0.3051 
5.0000 0.9490 0.7890 0.4016 0.2847 0.9515 0.3007 
5.1000 0.9480 0.7890 0.4016 0.2847 0.9515 0.2966 
5.2000 0.9470 0.7890 0.4016 0.2847 0.9515 0.2927 
5.3000 0.9460 0.7890 0.4016 0.2847 0.9515 0.2890 
5.4000 0.9450 0.7890 0.4016 0.2847 0.9515 0.2855 
5.5000 0.9440 0.7890 0.4016 0.2847 0.9515 0.2822 
5.6000 0.9430 0.7890 0.4016 0.2847 0.9515 0.2791 
5.7000 0.9420 0.7890 0.4016 0.2847 0.9515 0.2761 
5.8000 0.9410 0.7890 0.4016 0.2847 0.9515 0.2733 
5.9000 0.9400 0.7890 0.4016 0.2847 0.9515 0.2707 
6.0000 0.9390 0.7890 0.4016 0.2847 0.9515 0.2682 
6.1000 0.9380 0.7890 0.4016 0.2847 0.9515 0.2658 
6.2000 0.9370 0.7890 0.4016 0.2847 0.9515 0.2636 
6.3000 0.9360 0.7890 0.4016 0.2847 0.9515 0.2615 
6.4000 0.9350 0.7890 0.4016 0.2847 0.9515 0.2595 
6.5000 0.9340 0.7890 0.4016 0.2847 0.9515 0.2577 
6.6000 0.9330 0.7890 0.4016 0.2847 0.9515 0.2559 
6.7000 0.9320 0.7890 0.4016 0.2847 0.9515 0.2543 
6.8000 0.9310 0.7890 0.4016 0.2847 0.9515 0.2528 
6.9000 0.9300 0.7890 0.4016 0.2847 0.9515 0.2513 
7.0000 0.9290 0.7890 0.4016 0.2847 0.9515 0.2500 
7.1000 0.9280 0.7890 0.4016 0.2847 0.9515 0.2487 
7.2000 0.9270 0.7890 0.4016 0.2847 0.9515 0.2475 
7.3000 0.9260 0.7890 0.4016 0.2847 0.9515 0.2464 
7.4000 0.9250 0.7890 0.4016 0.2847 0.9515 0.2454 
7.5000 0.9240 0.7890 0.4016 0.2847 0.9515 0.2444 
7.6000 0.9230 0.7890 0.4016 0.2847 0.9515 0.2435 
7.7000 0.9220 0.7890 0.4016 0.2847 0.9515 0.2427 
7.8000 0.9210 0.7890 0.4016 0.2847 0.9515 0.2420 
7.9000 0.9200 0.7890 0.4016 0.2847 0.9515 0.2413 
8.0000 0.9190 0.7890 0.4016 0.2847 0.9515 0.2406 
8.1000 0.9180 0.7890 0.4016 0.2847 0.9515 0.2400 
8.2000 0.9170 0.7890 0.4016 0.2847 0.9515 0.2395 
8.3000 0.9160 0.7890 0.4016 0.2847 0.9515 0.2390 
8.4000 0.9150 0.7890 0.4016 0.2847 0.9515 0.2386 
8.5000 0.9140 0.7890 0.4016 0.2847 0.9515 0.2382 
8.6000 0.9130 0.7890 0.4016 0.2847 0.9515 0.2379 
8.7000 0.9120 0.7890 0.4016 0.2847 0.9515 0.2376 
8.8000 0.9110 0.7890 0.4016 0.2847 0.9515 0.2373 
8.9000 0.9100 0.7890 0.4016 0.2847 0.9515 0.2371 
9.0000 0.9090 0.7890 0.4016 0.2847 0.9515 0.2370 
9.1000 0.9080 0.7890 0.4016 0.2847 0.9515 0.2368 
9.2000 0.9070 0.7890 0.4016 0.2847 0.9515 0.2367 
9.3000 0.9060 0.7890 0.4016 0.2847 0.9515 0.2366 
9.4000 0.9050 0.7890 0.4016 0.2847 0.9515 0.2366 
9.5000 0.9040 0.7890 0.4016 0.2847 0.9515 0.2366 
9.6000 0.9030 0.7890 0.4016 0.2847 0.9515 0.2366 
9.7000 0.9020 0.7890 0.4016 0.2847 0.9515 0.2367 
9.8000 0.9010 0.7890 0.4016 0.2847 0.9515 0.2368 
9.9000 0.9000 0.7890 0.4016 0.2847 0.9515 0.2369 
10.0000 0.8990 0.7890 0.4016 0.2847 0.9515 0.2370 
10.1000 0.8980 0.7890 0.4016 0.2847 0.9515 0.2372 
10.2000 0.8970 0.7890 0.4016 0.2847 0.9515 0.2374 
10.3000 0.8960 0.7890 0.4016 0.2847 0.9515 0.2376 
10.4000 0.8950 0.7890 0.4016 0.2847 0.9515 0.2378 
10.5000 0.8940 0.7890 0.4016 0.2847 0.9515 0.2381 
10.6000 0.8930 0.7890 0.4016 0.2847 0.9515 0.2384 
10.7000 0.8920 0.7890 0.4016 0.2847 0.9515 0.2387 
10.8000 0.8910 0.7890 0.4016 0.2847 0.9515 0.2390 
10.9000 0.8900 0.7890 0.4016 0.2847 0.9515 0.2393 
11.0000 0.8890 0.7890 0.4016 0.2847 0.9515 0.2397 
11.1000 0.8880 0.7890 0.4016 0.2847 0.9515 0.2400 
11.2000 0.8870 0.7890 0.4016 0.2847 0.9515 0.2404 
11.3000 0.8860 0.7890 0.4016 0.2847 0.9515 0.2408 
11.4000 0.8850 0.7890 0.4016 0.2847 0.9515 0.2412 
11.5000 0.8840 0.7890 0.4016 0.2847 0.9515 0.2417 
11.6000 0.8830 0.7890 0.4016 0.2847 0.9515 0.2421 
11.7000 0.8820 0.7890 0.4016 0.2847 0.9515 0.2426 
11.8000 0.8810 0.7890 0.4016 0.2847 0.9515 0.2431 
11.9000 0.8800 0.7890 0.4016 0.2847 0.9515 0.2436 
12.0000 0.8790 0.7890 0.4016 0.2847 0.9515 0.2441 
12.1000 0.8780 0.7890 0.4016 0.2847 0.9515 0.2446 
12.2000 0.8770 0.7890 0.4016 0.2847 0.9515 0.2451 
12.3000 0.8760 0.7890 0.4016 0.2847 0.9515 0.2457 
12.4000 0.8750 0.7890 0.4016 0.2847 0.9515 0.2462 
12.5000 0.8740 0.7890 0.4016 0.2847 0.9515 0.2468 
12.6000 0.8730 0.7890 0.4016 0.2847 0.9515 0.2473 
12.7000 0.8720 0.7890 0.4016 0.2847 0.9515 0.2479 
12.8000 0.8710 0.7890 0.4016 0.2847 0.9515 0.2485 
12.9000 0.8700 0.7890 0.4016 0.2847 0.9515 0.2491 
13.0000 0.8690 0.7890 0.4016 0.2847 0.9515 0.2497 
13.1000 0.8680 0.7890 0.4016 0.2847 0.9515 0.2504 
13.2000 0.8670 0.7890 0.4016 0.2847 0.9515 0.2510 
13.3000 0.8660 0.7890 0.4016 0.2847 0.9515 0.2516 
13.4000 0.8650 0.7890 0.4016 0.2847 0.9515 0.2523 
13.5000 0.8640 0.7890 0.4016 0.2847 0.9515 0.2529 
13.6000 0.8630 0.7890 0.4016 0.2847 0.9515 0.2536 
13.7000 0.8620 0.7890 0.4016 0.2847 0.9515 0.2543 
13.8000 0.8610 0.7890 0.4016 0.2847 0.9515 0.2550 
13.9000 0.8600 0.7890 0.4016 0.2847 0.9515 0.2557 
14.0000 0.8590 0.7890 0.4016 0.2847 0.9515 0.2564 
14.1000 0.8580 0.7890 0.4016 0.2847 0.9515 0.2571 
14.2000 0.8570 0.7890 0.4016 0.2847 0.9515 0.2578 
14.3000 0.8560 0.7890 0.4016 0.2847 0.9515 0.2585 
14.4000 0.8550 0.7890 0.4016 0.2847 0.9515 0.2592 
14.5000 0.8540 0.7890 0.4016 0.2847 0.9515 0.2599 
14.6000 0.8530 0.7890 0.4016 0.2847 0.9515 0.2607 
14.7000 0.8520 0.7890 0.4016 0.2847 0.9515 0.2614 
14.8000 0.8510 0.7890 0.4016 0.2847 0.9515 0.2621 
14.9000 0.8500 0.7890 0.4016 0.2847 0.9515 0.2629 
15.0000 0.8490 0.7890 0.4016 0.2847 0.9515 0.2637 
15.1000 0.8480 0.7890 0.4016 0.2847 0.9515 0.2644 
15.2000 0.8470 0.7890 0.4016 0.2847 0.9515 0.2652 
15.3000 0.8460 0.7890 0.4016 0.2847 0.9515 0.2660 
15.4000 0.8450 0.7890 0.4016 0.2847 0.9515 0.2667 
15.5000 0.8440 0.7890 0.4016 0.2847 0.9515 0.2675 
15.6000 0.8430 0.7890 0.4016 0.2847 0.9515 0.2683 
15.7000 0.8420 0.7890 0.4016 0.2847 0.9515 0.2691 
15.8000 0.8410 0.7890 0.4016 0.2847 0.9515 0.2699 
15.9000 0.8400 0.7890 0.4016 0.2847 0.9515 0.2707 
16.0000 0.8390 0.7890 0.4016 0.2847 0.9515 0.2715 
16.1000 0.8380 0.7890 0.4016 0.2847 0.9515 0.2723 
16.2000 0.8370 0.7890 0.4016 0.2847 0.9515 0.2731 
16.3000 0.8360 0.7890 0.4016 0.2847 0.9515 0.2739 
16.4000 0.8350 0.7890 0.4016 0.2847 0.9515 0.2748 
16.5000 0.8340 0.7890 0.4016 0.2847 0.9515 0.2756 
16.6000 0.8330 0.7890 0.4016 0.2847 0.9515 0.2764 
16.7000 0.8320 0.7890 0.4016 0.2847 0.9515 0.2773 
16.8000 0.8310 0.7890 0.4016 0.2847 0.9515 0.2781 
16.9000 0.8300 0.7890 0.4016 0.2847 0.9515 0.2789 
17.0000 0.8290 0.7890 0.4016 0.2847 0.9515 0.2798 
17.1000 0.8280 0.7890 0.4016 0.2847 0.9515 0.2806 
17.2000 0.8270 0.7890 0.4016 0.2847 0.9515 0.2815 
17.3000 0.8260 0.7890 0.4016 0.2847 0.9515 0.2823 
17.4000 0.8250 0.7890 0.4016 0.2847 0.9515 0.2832 
17.5000 0.8240 0.7890 0.4016 0.2847 0.9515 0.2840 
17.6000 0.8230 0.7890 0.4016 0.2847 0.9515 0.2849 
17.7000 0.8220 0.7890 0.4016 0.2847 0.9515 0.2858 
17.8000 0.8210 0.7890 0.4016 0.2847 0.9515 0.2866 
17.9000 0.8200 0.7890 0.4016 0.2847 0.9515 0.2875 
18.0000 0.8190 0.7890 0.4016 0.2847 0.9515 0.2884 
18.1000 0.8180 0.7890 0.4016 0.2847 0.9515 0.2893 
18.2000 0.8170 0.7890 0.4016 0.2847 0.9515 0.2902 
18.3000 0.8160 0.7890 0.4016 0.2847 0.9515 0.2910 
18.4000 0.8150 0.7890 0.4016 0.2847 0.9515 0.2919 
18.5000 0.8140 0.7890 0.4016 0.2847 0.9515 0.2928 
18.6000 0.8130 0.7890 0.4016 0.2847 0.9515 0.2937 
18.7000 0.8120 0.7890 0.4016 0.2847 0.9515 0.2946 
18.8000 0.8110 0.7890 0.4016 0.2847 0.9515 0.2955 
18.9000 0.8100 0.7890 0.4016 0.2847 0.9515 0.2964 
19.0000 0.8090 0.7890 0.4016 0.2847 0.9515 0.2973 
19.1000 0.8080 0.7890 0.4016 0.2847 0.9515 0.2982 
19.2000 0.8070 0.7890 0.4016 0.2847 0.9515 0.2991 
19.3000 0.8060 0.7890 0.4016 0.2847 0.9515 0.3000 
19.4000 0.8050 0.7890 0.4016 0.2847 0.9515 0.3009 
19.5000 0.8040 0.7890 0.4016 0.2847 0.9515 0.3019 
19.6000 0.8030 0.7890 0.4016 0.2847 0.9515 0.3028 
19.7000 0.8020 0.7890 0.4016 0.2847 0.9515 0.3037 
19.8000 0.8010 0.7890 0.4016 0.2847 0.9515 0.3046 
19.9000 0.8000 0.7890 0.4016 0.2847 0.9515 0.3055 
20.0000 0.7990 0.7890 0.4016 0.2847 0.9515 0.3065 
20.1000 0.7980 0.7890 0.4016 0.2847 0.9515 0.3074 
20.2000 0.7970 0.7890 0.4016 0.2847 0.9515 0.3083 
20.3000 0.7960 0.7890 0.4016 0.2847 0.9515 0.3093 
20.4000 0.7950 0.7890 0.4016 0.2847 0.9515 0.3102 
20.5000 0.7940 0.7890 0.4016 0.2847 0.9515 0.3111 
20.6000 0.7930 0.7890 0.4016 0.2847 0.9515 0.3121 
20.7000 0.7920 0.7890 0.4016 0.2847 0.9515 0.3130 
20.8000 0.7910 0.7890 0.4016 0.2847 0.9515 0.3140 
20.9000 0.7900 0.7890 0.4016 0.2847 0.9515 0.3149 
21.0000 0.7890 0.7890 0.4016 0.2847 0.9515 0.3158 
21.1000 0.7880 0.7890 0.4016 0.2847 0.9515 0.3168 
21.2000 0.7870 0.7890 0.4016 0.2847 0.9515 0.3177 
21.3000 0.7860 0.7890 0.4016 0.2847 0.9515 0.3187 
21.4000 0.7850 0.7890 0.4016 0.2847 0.9515 0.3197 
21.5000 0.7840 0.7890 0.4016 0.2847 0.9515 0.3206 
21.6000 0.7830 0.7890 0.4016 0.2847 0.9515 0.3216 
21.7000 0.7820 0.7890 0.4016 0.2847 0.9515 0.3225 
21.8000 0.7810 0.7890 0.4016 0.2847 0.9515 0.3235 
21.9000 0.7800 0.7890 0.4016 0.2847 0.9515 0.3245 
22.0000 0.7790 0.7890 0.4016 0.2847 0.9515 0.3254 
22.1000 0.7780 0.7890 0.4016 0.2847 0.9515 0.3264 
22.2000 0.7770 0.7890 0.4016 0.2847 0.9515 0.3274 
22.3000 0.7760 0.7890 0.4016 0.2847 0.9515 0.3283 
22.4000 0.7750 0.7890 0.4016 0.2847 0.9515 0.3293 
22.5000 0.7740 0.7890 0.4016 0.2847 0.9515 0.3303 
22.6000 0.7730 0.7890 0.4016 0.2847 0.9515 0.3313 
22.7000 0.7720 0.7890 0.4016 0.2847 0.9515 0.3322 
22.8000 0.7710 0.7890 0.4016 0.2847 0.9515 0.3332 
22.9000 0.7700 0.7890 0.4016 0.2847 0.9515 0.3342 
23.0000 0.7690 0.7890 0.4016 0.2847 0.9515 0.3352 
23.1000 0.7680 0.7890 0.4016 0.2847 0.9515 0.3362 
23.2000 0.7670 0.7890 0.4016 0.2847 0.9515 0.3372 
23.3000 0.7660 0.7890 0.4016 0.2847 0.9515 0.3381 
23.4000 0.7650 0.7890 0.4016 0.2847 0.9515 0.3391 
23.5000 0.7640 0.7890 0.4016 0.2847 0.9515 0.3401 
23.6000 0.7630 0.7890 0.4016 0.2847 0.9515 0.3411 
23.7000 0.7620 0.7890 0.4016 0.2847 0.9515 0.3421 
23.8000 0.7610 0.7890 0.4016 0.2847 0.9515 0.3431 
23.9000 0.7600 0.7890 0.4016 0.2847 0.9515 0.3441 
24.0000 0.7590 0.7890 0.4016 0.2847 0.9515 0.3451 
24.1000 0.7580 0.7890 0.4016 0.2847 0.9515 0.3461 
24.2000 0.7570 0.7890 0.4016 0.2847 0.9515 0.3471 
24.3000 0.7560 0.7890 0.4016 0.2847 0.9515 0.3481 
24.4000 0.7550 0.7890 0.4016 0.2847 0.9515 0.3491 
24.5000 0.7540 0.7890 0.4016 0.2847 0.9515 0.3501 
24.6000 0.7530 0.7890 0.4016 0.2847 0.9515 0.3511 
24.7000 0.7520 0.7890 0.4016 0.2847 0.9515 0.3521 
24.8000 0.7510 0.7890 0.4016 0.2847 0.9515 0.3531 
24.9000 0.7500 0.7890 0.4016 0.2847 0.9515 0.3542 
25.0000 0.7490 0.7890 0.4016 0.2847 0.9515 0.3552 
25.1000 0.7480 0.7890 0.4016 0.2847 0.9515 0.3562 
25.2000 0.7470 0.7890 0.4016 0.2847 0.9515 0.3572 
25.3000 0.7460 0.7890 0.4016 0.2847 0.9515 0.3582 
25.4000 0.7450 0.7890 0.4016 0.2847 0.9515 0.3592 
25.5000 0.7440 0.7890 0.4016 0.2847 0.9515 0.3603 
25.6000 0.7430 0.7890 0.4016 0.2847 0.9515 0.3613 
25.7000 0.7420 0.7890 0.4016 0.2847 0.9515 0.3623 
25.8000 0.7410 0.7890 0.4016 0.2847 0.9515 0.3633 
25.9000 0.7400 0.7890 0.4016 0.2847 0.9515 0.3644 
26.0000 0.7390 0.7890 0.4016 0.2847 0.9515 0.3654 
26.1000 0.7380 0.7890 0.4016 0.2847 0.9515 0.3664 
26.2000 0.7370 0.7890 0.4016 0.2847 0.9515 0.3674 
26.3000 0.7360 0.7890 0.4016 0.2847 0.9515 0.3685 
26.4000 0.7350 0.7890 0.4016 0.2847 0.9515 0.3695 
26.5000 0.7340 0.7890 0.4016 0.2847 0.9515 0.3705 
26.6000 0.7330 0.7890 0.4016 0.2847 0.9515 0.3716 
26.7000 0.7320 0.7890 0.4016 0.2847 0.9515 0.3726 
26.8000 0.7310 0.7890 0.4016 0.2847 0.9515 0.3737 
26.9000 0.7300 0.7890 0.4016 0.2847 0.9515 0.3747 
27.0000 0.7290 0.7890 0.4016 0.2847 0.9515 0.3757 
27.1000 0.7280 0.7890 0.4016 0.2847 0.9515 0.3768 
27.2000 0.7270 0.7890 0.4016 0.2847 0.9515 0.3778 
27.3000 0.7260 0.7890 0.4016 0.2847 0.9515 0.3789 
27.4000 0.7250 0.7890 0.4016 0.2847 0.9515 0.3799 
27.5000 0.7240 0.7890 0.4016 0.2847 0.9515 0.3809 
27.6000 0.7230 0.7890 0.4016 0.2847 0.9515 0.3820 
27.7000 0.7220 0.7890 0.4016 0.2847 0.9515 0.3830 
27.8000 0.7210 0.7890 0.4016 0.2847 0.9515 0.3841 
27.9000 0.7200 0.7890 0.4016 0.2847 0.9515 0.3851 
28.0000 0.7190 0.7890 0.4016 0.2847 0.9515 0.3862 
28.1000 0.7180 0.7890 0.4016 0.2847 0.9515 0.3872 
28.2000 0.7170 0.7890 0.4016 0.2847 0.9515 0.3883 
28.3000 0.7160 0.7890 0.4016 0.2847 0.9515 0.3894 
28.4000 0.7150 0.7890 0.4016 0.2847 0.9515 0.3904 
28.5000 0.7140 0.7890 0.4016 0.2847 0.9515 0.3915 
28.6000 0.7130 0.7890 0.4016 0.2847 0.9515 0.3925 
28.7000 0.7120 0.7890 0.4016 0.2847 0.9515 0.3936 
28.8000 0.7110 0.7890 0.4016 0.2847 0.9515 0.3946 
28.9000 0.7100 0.7890 0.4016 0.2847 0.9515 0.3957 
29.0000 0.7090 0.7890 0.4016 0.2847 0.9515 0.3968 
29.1000 0.7080 0.7890 0.4016 0.2847 0.9515 0.3978 
29.2000 0.7070 0.7890 0.4016 0.2847 0.9515 0.3989 
29.3000 0.7060 0.7890 0.4016 0.2847 0.9515 0.4000 
29.4000 0.7050 0.7890 0.4016 0.2847 0.9515 0.4010 
29.5000 0.7040 0.7890 0.4016 0.2847 0.9515 0.4021 
29.6000 0.7030 0.7890 0.4016 0.2847 0.9515 0.4032 
29.7000 0.7020 0.7890 0.4016 0.2847 0.9515 0.4042 
29.8000 0.7010 0.7890 0.4016 0.2847 0.9515 0.4053 
29.9000 0.7000 0.7890 0.4016 0.2847 0.9515 0.4064 
30.0000 0.6990 0.7890 0.4016 0.2847 0.9515 0.4074 
30.1000 0.6980 0.7890 0.4016 0.2847 0.9515 0.4085 
30.2000 0.6970 0.7890 0.4016 0.2847 0.9515 0.4096 
30.3000 0.6960 0.7890 0.4016 0.2847 0.9515 0.4107 
30.4000 0.6950 0.7890 0.4016 0.2847 0.9515 0.4117 
30.5000 0.6940 0.7890 0.4016 0.2847 0.9515 0.4128 
30.6000 0.6930 0.7890 0.4016 0.2847 0.9515 0.4139 
30.7000 0.6920 0.7890 0.4016 0.2847 0.9515 0.4150 
30.8000 0.6910 0.7890 0.4016 0.2847 0.9515 0.4160 
30.9000 0.6900 0.7890 0.4016 0.2847 0.9515 0.4171 
31.0000 0.6890 0.7890 0.4016 0.2847 0.9515 0.4182 
31.1000 0.6880 0.7890 0.4016 0.2847 0.9515 0.4193 
31.2000 0.6870 0.7890 0.4016 0.2847 0.9515 0.4204 
31.3000 0.6860 0.7890 0.4016 0.2847 0.9515 0.4214 
31.4000 0.6850 0.7890 0.4016 0.2847 0.9515 0.4225 
31.5000 0.6840 0.7890 0.4016 0.2847 0.9515 0.4236 
31.6000 0.6830 0.7890 0.4016 0.2847 0.9515 0.4247 
31.7000 0.6820 0.7890 0.4016 0.2847 0.9515 0.4258 
31.8000 0.6810 0.7890 0.4016 0.2847 0.9515 0.4269 
31.9000 0.6800 0.7890 0.4016 0.2847 0.9515 0.4280 
32.0000 0.6790 0.7890 0.4016 0.2847 0.9515 0.4290 
32.1000 0.6780 0.7890 0.4016 0.2847 0.9515 0.4301 
32.2000 0.6770 0.7890 0.4016 0.2847 0.9515 0.4312 
32.3000 0.6760 0.7890 0.4016 0.2847 0.9515 0.4323 
32.4000 0.6750 0.7890 0.4016 0.2847 0.9515 0.4334 
32.5000 0.6740 0.7890 0.4016 0.2847 0.9515 0.4345 
32.6000 0.6730 0.7890 0.4016 0.2847 0.9515 0.4356 
32.7000 0.6720 0.7890 0.4016 0.2847 0.9515 0.4367 
32.8000 0.6710 0.7890 0.4016 0.2847 0.9515 0.4378 
32.9000 0.6700 0.7890 0.4016 0.2847 0.9515 0.4389 
33.0000 0.6690 0.7890 0.4016 0.2847 0.9515 0.4399 
33.1000 0.6680 0.7890 0.4016 0.2847 0.9515 0.4410 
33.2000 0.6670 0.7890 0.4016 0.2847 0.9515 0.4421 
33.3000 0.6660 0.7890 0.4016 0.2847 0.9515 0.4432 
33.4000 0.6650 0.7890 0.4016 0.2847 0.9515 0.4443 
33.5000 0.6640 0.7890 0.4016 0.2847 0.9515 0.4454 
33.6000 0.6630 0.7890 0.4016 0.2847 0.9515 0.4465 
33.7000 0.6620 0.7890 0.4016 0.2847 0.9515 0.4476 
33.8000 0.6610 0.7890 0.4016 0.2847 0.9515 0.4487 
33.9000 0.6600 0.7890 0.4016 0.2847 0.9515 0.4498 
34.0000 0.6590 0.7890 0.4016 0.2847 0.9515 0.4509 
34.1000 0.6580 0.7890 0.4016 0.2847 0.9515 0.4520 
34.2000 0.6570 0.7890 0.4016 0.2847 0.9515 0.4531 
34.3000 0.6560 0.7890 0.4016 0.2847 0.9515 0.4542 
34.4000 0.6550 0.7890 0.4016 0.2847 0.9515 0.4553 
34.5000 0.6540 0.7890 0.4016 0.2847 0.9515 0.4564 
34.6000 0.6530 0.7890 0.4016 0.2847 0.9515 0.4575 
34.7000 0.6520 0.7890 0.4016 0.2847 0.9515 0.4586 
34.8000 0.6510 0.7890 0.4016 0.2847 0.9515 0.4597 
34.9000 0.6500 0.7890 0.4016 0.2847 0.9515 0.4608 
35.0000 0.6490 0.7890 0.4016 0.2847 0.9515 0.4619 
35.1000 0.6480 0.7890 0.4016 0.2847 0.9515 0.4630 
35.2000 0.6470 0.7890 0.4016 0.2847 0.9515 0.4641 
35.3000 0.6460 0.7890 0.4016 0.2847 0.9515 0.4652 
35.4000 0.6450 0.7890 0.4016 0.2847 0.9515 0.4664 
35.5000 0.6440 0.7890 0.4016 0.2847 0.9515 0.4675 
35.6000 0.6430 0.7890 0.4016 0.2847 0.9515 0.4686 
35.7000 0.6420 0.7890 0.4016 0.2847 0.9515 0.4697 
35.8000 0.6410 0.7890 0.4016 0.2847 0.9515 0.4708 
35.9000 0.6400 0.7890 0.4016 0.2847 0.9515 0.4719 
36.0000 0.6390 0.7890 0.4016 0.2847 0.9515 0.4730 
36.1000 0.6380 0.7890 0.4016 0.2847 0.9515 0.4741 
36.2000 0.6370 0.7890 0.4016 0.2847 0.9515 0.4752 
36.3000 0.6360 0.7890 0.4016 0.2847 0.9515 0.4763 
36.4000 0.6350 0.7890 0.4016 0.2847 0.9515 0.4774 
36.5000 0.6340 0.7890 0.4016 0.2847 0.9515 0.4785 
36.6000 0.6330 0.7890 0.4016 0.2847 0.9515 0.4796 
36.7000 0.6320 0.7890 0.4016 0.2847 0.9515 0.4807 
36.8000 0.6310 0.7890 0.4016 0.2847 0.9515 0.4819 
36.9000 0.6300 0.7890 0.4016 0.2847 0.9515 0.4830 
37.0000 0.6290 0.7890 0.4016 0.2847 0.9515 0.4841 
37.1000 0.6280 0.7890 0.4016 0.2847 0.9515 0.4852 
37.2000 0.6270 0.7890 0.4016 0.2847 0.9515 0.4863 
37.3000 0.6260 0.7890 0.4016 0.2847 0.9515 0.4874 
37.4000 0.6250 0.7890 0.4016 0.2847 0.9515 0.4885 
37.5000 0.6240 0.7890 0.4016 0.2847 0.9515 0.4896 
37.6000 0.6230 0.7890 0.4016 0.2847 0.9515 0.4907 
37.7000 0.6220 0.7890 0.4016 0.2847 0.9515 0.4918 
37.8000 0.6210 0.7890 0.4016 0.2847 0.9515 0.4929 
37.9000 0.6200 0.7890 0.4016 0.2847 0.9515 0.4941 
38.0000 0.6190 0.7890 0.4016 0.2847 0.9515 0.4952 
38.1000 0.6180 0.7890 0.4016 0.2847 0.9515 0.4963 
38.2000 0.6170 0.7890 0.4016 0.2847 0.9515 0.4974 
38.3000 0.6160 0.7890 0.4016 0.2847 0.9515 0.4985 
38.4000 0.6150 0.7890 0.4016 0.2847 0.9515 0.4996 
38.5000 0.6140 0.7890 0.4016 0.2847 0.9515 0.5007 
38.6000 0.6130 0.7890 0.4016 0.2847 0.9515 0.5018 
38.7000 0.6120 0.7890 0.4016 0.2847 0.9515 0.5029 
38.8000 0.6110 0.7890 0.4016 0.2847 0.9515 0.5040 
38.9000 0.6100 0.7890 0.4016 0.2847 0.9515 0.5052 
39.0000 0.6090 0.7890 0.4016 0.2847 0.9515 0.5063 
39.1000 0.6080 0.7890 0.4016 0.2847 0.9515 0.5074 
39.2000 0.6070 0.7890 0.4016 0.2847 0.9515 0.5085 
39.3000 0.6060 0.7890 0.4016 0.2847 0.9515 0.5096 
39.4000 0.6050 0.7890 0.4016 0.2847 0.9515 0.5107 
39.5000 0.6040 0.7890 0.4016 0.2847 0.9515 0.5118 
39.6000 0.6030 0.7890 0.4016 0.2847 0.9515 0.5129 
39.7000 0.6020 0.7890 0.4016 0.2847 0.9515 0.5140 
39.8000 0.6010 0.7890 0.4016 0.2847 0.9515 0.5151 
39.9000 0.6000 0.7890 0.4016 0.2847 0.9515 0.5163 
40.0000 0.5990 0.7890 0.4016 0.2847 0.9515 0.5174 
40.1000 0.5980 0.7890 0.4016 0.2847 0.9515 0.5185 
40.2000 0.5970 0.7890 0.4016 0.2847 0.9515 0.5196 
40.3000 0.5960 0.7890 0.4016 0.2847 0.9515 0.5207 
40.4000 0.5950 0.7890 0.4016 0.2847 0.9515 0.5218 
40.5000 0.5940 0.7890 0.4016 0.2847 0.9515 0.5229 
40.6000 0.5930 0.7890 0.4016 0.2847 0.9515 0.5240 
40.7000 0.5920 0.7890 0.4016 0.2847 0.9515 0.5251 
40.8000 0.5910 0.7890 0.4016 0.2847 0.9515 0.5262 
40.9000 0.5900 0.7890 0.4016 0.2847 0.9515 0.5273 
41.0000 0.5890 0.7890 0.4016 0.2847 0.9515 0.5284 
41.1000 0.5880 0.7890 0.4016 0.2847 0.9515 0.5295 
41.2000 0.5870 0.7890 0.4016 0.2847 0.9515 0.5307 
41.3000 0.5860 0.7890 0.4016 0.2847 0.9515 0.5318 
41.4000 0.5850 0.7890 0.4016 0.2847 0.9515 0.5329 
41.5000 0.5840 0.7890 0.4016 0.2847 0.9515 0.5340 
41.6000 0.5830 0.7890 0.4016 0.2847 0.9515 0.5351 
41.7000 0.5820 0.7890 0.4016 0.2847 0.9515 0.5362 
41.8000 0.5810 0.7890 0.4016 0.2847 0.9515 0.5373 
41.9000 0.5800 0.7890 0.4016 0.2847 0.9515 0.5384 
42.0000 0.5790 0.7890 0.4016 0.2847 0.9515 0.5395 
42.1000 0.5780 0.7890 0.4016 0.2847 0.9515 0.5406 
42.2000 0.5770 0.7890 0.4016 0.2847 0.9515 0.5417 
42.3000 0.5760 0.7890 0.4016 0.2847 0.9515 0.5428 
42.4000 0.5750 0.7890 0.4016 0.2847 0.9515 0.5439 
42.5000 0.5740 0.7890 0.4016 0.2847 0.9515 0.5450 
42.6000 0.5730 0.7890 0.4016 0.2847 0.9515 0.5461 
42.7000 0.5720 0.7890 0.4016 0.2847 0.9515 0.5472 
42.8000 0.5710 0.7890 0.4016 0.2847 0.9515 0.5483 
42.9000 0.5700 0.7890 0.4016 0.2847 0.9515 0.5494 
43.0000 0.5690 0.7890 0.4016 0.2847 0.9515 0.5505 
43.1000 0.5680 0.7890 0.4016 0.2847 0.9515 0.5516 
43.2000 0.5670 0.7890 0.4016 0.2847 0.9515 0.5527 
43.3000 0.5660 0.7890 0.4016 0.2847 0.9515 0.5538 
43.4000 0.5650 0.7890 0.4016 0.2847 0.9515 0.5549 
43.5000 0.5640 0.7890 0.4016 0.2847 0.9515 0.5560 
43.6000 0.5630 0.7890 0.4016 0.2847 0.9515 0.5571 
43.7000 0.5620 0.7890 0.4016 0.2847 0.9515 0.5582 
43.8000 0.5610 0.7890 0.4016 0.2847 0.9515 0.5593 
43.9000 0.5600 0.7890 0.4016 0.2847 0.9515 0.5604 
44.0000 0.5590 0.7890 0.4016 0.2847 0.9515 0.5615 
44.1000 0.5580 0.7890 0.4016 0.2847 0.9515 0.5626 
44.2000 0.5570 0.7890 0.4016 0.2847 0.9515 0.5637 
44.3000 0.5560 0.7890 0.4016 0.2847 0.9515 0.5647 
44.4000 0.5550 0.7890 0.4016 0.2847 0.9515 0.5658 
44.5000 0.5540 0.7890 0.4016 0.2847 0.9515 0.5669 
44.6000 0.5530 0.7890 0.4016 0.2847 0.9515 0.5680 
44.7000 0.5520 0.7890 0.4016 0.2847 0.9515 0.5691 
44.8000 0.5510 0.7890 0.4016 0.2847 0.9515 0.5702 
44.9000 0.5500 0.7890 0.4016 0.2847 0.9515 0.5713 
45.0000 0.5490 0.7890 0.4016 0.2847 0.9515 0.5724 
45.1000 0.5480 0.7890 0.4016 0.2847 0.9515 0.5735 
45.2000 0.5470 0.7890 0.4016 0.2847 0.9515 0.5745 
45.3000 0.5460 0.7890 0.4016 0.2847 0.9515 0.5756 
45.4000 0.5450 0.7890 0.4016 0.2847 0.9515 0.5767 
45.5000 0.5440 0.7890 0.4016 0.2847 0.9515 0.5778 
45.6000 0.5430 0.7890 0.4016 0.2847 0.9515 0.5789 
45.7000 0.5420 0.7890 0.4016 0.2847 0.9515 0.5800 
45.8000 0.5410 0.7890 0.4016 0.2847 0.9515 0.5810 
45.9000 0.5400 0.7890 0.4016 0.2847 0.9515 0.5821 
46.0000 0.5390 0.7890 0.4016 0.2847 0.9515 0.5832 
46.1000 0.5380 0.7890 0.4016 0.2847 0.9515 0.5843 
46.2000 0.5370 0.7890 0.4016 0.2847 0.9515 0.5854 
46.3000 0.5360 0.7890 0.4016 0.2847 0.9515 0.5864 
46.4000 0.5350 0.7890 0.4016 0.2847 0.9515 0.5875 
46.5000 0.5340 0.7890 0.4016 0.2847 0.9515 0.5886 
46.6000 0.5330 0.7890 0.4016 0.2847 0.9515 0.5897 
46.7000 0.5320 0.7890 0.4016 0.2847 0.9515 0.5907 
46.8000 0.5310 0.7890 0.4016 0.2847 0.9515 0.5918 
46.9000 0.5300 0.7890 0.4016 0.2847 0.9515 0.5929 
47.0000 0.5290 0.7890 0.4016 0.2847 0.9515 0.5940 
47.1000 0.5280 0.7890 0.4016 0.2847 0.9515 0.5950 
47.2000 0.5270 0.7890 0.4016 0.2847 0.9515 0.5961 
47.3000 0.5260 0.7890 0.4016 0.2847 0.9515 0.5972 
47.4000 0.5250 0.7890 0.4016 0.2847 0.9515 0.5982 
47.5000 0.5240 0.7890 0.4016 0.2847 0.9515 0.5993 
47.6000 0.5230 0.7890 0.4016 0.2847 0.9515 0.6004 
47.7000 0.5220 0.7890 0.4016 0.2847 0.9515 0.6014 
47.8000 0.5210 0.7890 0.4016 0.2847 0.9515 0.6025 
47.9000 0.5200 0.7890 0.4016 0.2847 0.9515 0.6036 
48.0000 0.5190 0.7890 0.4016 0.2847 0.9515 0.6046 
48.1000 0.5180 0.7890 0.4016 0.2847 0.9515 0.6057 
48.2000 0.5170 0.7890 0.4016 0.2847 0.9515 0.6067 
48.3000 0.5160 0.7890 0.4016 0.2847 0.9515 0.6078 
48.4000 0.5150 0.7890 0.4016 0.2847 0.9515 0.6089 
48.5000 0.5140 0.7890 0.4016 0.2847 0.9515 0.6099 
48.6000 0.5130 0.7890 0.4016 0.2847 0.9515 0.6110 
48.7000 0.5120 0.7890 0.4016 0.2847 0.9515 0.6120 
48.8000 0.5110 0.7890 0.4016 0.2847 0.9515 0.6131 
48.9000 0.5100 0.7890 0.4016 0.2847 0.9515 0.6141 
49.0000 0.5090 0.7890 0.4016 0.2847 0.9515 0.6152 
49.1000 0.5080 0.7890 0.4016 0.2847 0.9515 0.6162 
49.2000 0.5070 0.7890 0.4016 0.2847 0.9515 0.6173 
49.3000 0.5060 0.7890 0.4016 0.2847 0.9515 0.6183 
49.4000 0.5050 0.7890 0.4016 0.2847 0.9515 0.6194 
49.5000 0.5040 0.7890 0.4016 0.2847 0.9515 0.6204 
49.6000 0.5030 0.7890 0.4016 0.2847 0.9515 0.6215 
49.7000 0.5020 0.7890 0.4016 0.2847 0.9515 0.6225 
49.8000 0.5010 0.7890 0.4016 0.2847 0.9515 0.6236 
49.9000 0.5000 0.7890 0.4016 0.2847 0.9515 0.6246 
50.0000 0.4990 0.7890 0.4016 0.2847 0.9515 0.6256 
50.1000 0.4980 0.7890 0.4016 0.2847 0.9515 0.6267 
50.2000 0.4970 0.7890 0.4016 0.2847 0.9515 0.6277 
50.3000 0.4960 0.7890 0.4016 0.2847 0.9515 0.6288 
50.4000 0.4950 0.7890 0.4016 0.2847 0.9515 0.6298 
50.5000 0.4940 0.7890 0.4016 0.2847 0.9515 0.6308 
50.6000 0.4930 0.7890 0.4016 0.2847 0.9515 0.6319 
50.7000 0.4920 0.7890 0.4016 0.2847 0.9515 0.6329 
50.8000 0.4910 0.7890 0.4016 0.2847 0.9515 0.6339 
50.9000 0.4900 0.7890 0.4016 0.2847 0.9515 0.6350 
51.0000 0.4890 0.7890 0.4016 0.2847 0.9515 0.6360 
51.1000 0.4880 0.7890 0.4016 0.2847 0.9515 0.6370 
51.2000 0.4870 0.7890 0.4016 0.2847 0.9515 0.6380 
51.3000 0.4860 0.7890 0.4016 0.2847 0.9515 0.6391 
51.4000 0.4850 0.7890 0.4016 0.2847 0.9515 0.6401 
51.5000 0.4840 0.7890 0.4016 0.2847 0.9515 0.6411 
51.6000 0.4830 0.7890 0.4016 0.2847 0.9515 0.6421 
51.7000 0.4820 0.7890 0.4016 0.2847 0.9515 0.6432 
51.8000 0.4810 0.7890 0.4016 0.2847 0.9515 0.6442 
51.9000 0.4800 0.7890 0.4016 0.2847 0.9515 0.6452 
52.0000 0.4790 0.7890 0.4016 0.2847 0.9515 0.6462 
52.1000 0.4780 0.7890 0.4016 0.2847 0.9515 0.6472 
52.2000 0.4770 0.7890 0.4016 0.2847 0.9515 0.6482 
52.3000 0.4760 0.7890 0.4016 0.2847 0.9515 0.6492 
52.4000 0.4750 0.7890 0.4016 0.2847 0.9515 0.6503 
52.5000 0.4740 0.7890 0.4016 0.2847 0.9515 0.6513 
52.6000 0.4730 0.7890 0.4016 0.2847 0.9515 0.6523 
52.7000 0.4720 0.7890 0.4016 0.2847 0.9515 0.6533 
52.8000 0.4710 0.7890 0.4016 0.2847 0.9515 0.6543 
52.9000 0.4700 0.7890 0.4016 0.2847 0.9515 0.6553 
53.0000 0.4690 0.7890 0.4016 0.2847 0.9515 0.6563 
53.1000 0.4680 0.7890 0.4016 0.2847 0.9515 0.6573 
53.2000 0.4670 0.7890 0.4016 0.2847 0.9515 0.6583 
53.3000 0.4660 0.7890 0.4016 0.2847 0.9515 0.6593 
53.4000 0.4650 0.7890 0.4016 0.2847 0.9515 0.6603 
53.5000 0.4640 0.7890 0.4016 0.2847 0.9515 0.6613 
53.6000 0.4630 0.7890 0.4016 0.2847 0.9515 0.6623 
53.7000 0.4620 0.7890 0.4016 0.2847 0.9515 0.6633 
53.8000 0.4610 0.7890 0.4016 0.2847 0.9515 0.6643 
53.9000 0.4600 0.7890 0.4016 0.2847 0.9515 0.6652 
54.0000 0.4590 0.7890 0.4016 0.2847 0.9515 0.6662 
54.1000 0.4580 0.7890 0.4016 0.2847 0.9515 0.6672 
54.2000 0.4570 0.7890 0.4016 0.2847 0.9515 0.6682 
54.3000 0.4560 0.7890 0.4016 0.2847 0.9515 0.6692 
54.4000 0.4550 0.7890 0.4016 0.2847 0.9515 0.6702 
54.5000 0.4540 0.7890 0.4016 0.2847 0.9515 0.6712 
54.6000 0.4530 0.7890 0.4016 0.2847 0.9515 0.6721 
54.7000 0.4520 0.7890 0.4016 0.2847 0.9515 0.6731 
54.8000 0.4510 0.7890 0.4016 0.2847 0.9515 0.6741 
54.9000 0.4500 0.7890 0.4016 0.2847 0.9515 0.6751 
55.0000 0.4490 0.7890 0.4016 0.2847 0.9515 0.6760 
55.1000 0.4480 0.7890 0.4016 0.2847 0.9515 0.6770 
55.2000 0.4470 0.7890 0.4016 0.2847 0.9515 0.6780 
55.3000 0.4460 0.7890 0.4016 0.2847 0.9515 0.6789 
55.4000 0.4450 0.7890 0.4016 0.2847 0.9515 0.6799 
55.5000 0.4440 0.7890 0.4016 0.2847 0.9515 0.6809 
55.6000 0.4430 0.7890 0.4016 0.2847 0.9515 0.6818 
55.7000 0.4420 0.7890 0.4016 0.2847 0.9515 0.6828 
55.8000 0.4410 0.7890 0.4016 0.2847 0.9515 0.6838 
55.9000 0.4400 0.7890 0.4016 0.2847 0.9515 0.6847 
56.0000 0.4390 0.7890 0.4016 0.2847 0.9515 0.6857 
56.1000 0.4380 0.7890 0.4016 0.2847 0.9515 0.6866 
56.2000 0.4370 0.7890 0.4016 0.2847 0.9515 0.6876 
56.3000 0.4360 0.7890 0.4016 0.2847 0.9515 0.6886 
56.4000 0.4350 0.7890 0.4016 0.2847 0.9515 0.6895 
56.5000 0.4340 0.7890 0.4016 0.2847 0.9515 0.6905 
56.6000 0.4330 0.7890 0.4016 0.2847 0.9515 0.6914 
56.7000 0.4320 0.7890 0.4016 0.2847 0.9515 0.6923 
56.8000 0.4310 0.7890 0.4016 0.2847 0.9515 0.6933 
56.9000 0.4300 0.7890 0.4016 0.2847 0.9515 0.6942 
57.0000 0.4290 0.7890 0.4016 0.2847 0.9515 0.6952 
57.1000 0.4280 0.7890 0.4016 0.2847 0.9515 0.6961 
57.2000 0.4270 0.7890 0.4016 0.2847 0.9515 0.6971 
57.3000 0.4260 0.7890 0.4016 0.2847 0.9515 0.6980 
57.4000 0.4250 0.7890 0.4016 0.2847 0.9515 0.6989 
57.5000 0.4240 0.7890 0.4016 0.2847 0.9515 0.6999 
57.6000 0.4230 0.7890 0.4016 0.2847 0.9515 0.7008 
57.7000 0.4220 0.7890 0.4016 0.2847 0.9515 0.7017 
57.8000 0.4210 0.7890 0.4016 0.2847 0.9515 0.7027 
57.9000 0.4200 0.7890 0.4016 0.2847 0.9515 0.7036 
58.0000 0.4190 0.7890 0.4016 0.2847 0.9515 0.7045 
58.1000 0.4180 0.7890 0.4016 0.2847 0.9515 0.7054 
58.2000 0.4170 0.7890 0.4016 0.2847 0.9515 0.7064 
58.3000 0.4160 0.7890 0.4016 0.2847 0.9515 0.7073 
58.4000 0.4150 0.7890 0.4016 0.2847 0.9515 0.7082 
58.5000 0.4140 0.7890 0.4016 0.2847 0.9515 0.7091 
58.6000 0.4130 0.7890 0.4016 0.2847 0.9515 0.7100 
58.7000 0.4120 0.7890 0.4016 0.2847 0.9515 0.7109 
58.8000 0.4110 0.7890 0.4016 0.2847 0.9515 0.7118 
58.9000 0.4100 0.7890 0.4016 0.2847 0.9515 0.7128 
59.0000 0.4090 0.7890 0.4016 0.2847 0.9515 0.7137 
59.1000 0.4080 0.7890 0.4016 0.2847 0.9515 0.7146 
59.2000 0.4070 0.7890 0.4016 0.2847 0.9515 0.7155 
59.3000 0.4060 0.7890 0.4016 0.2847 0.9515 0.7164 
59.4000 0.4050 0.7890 0.4016 0.2847 0.9515 0.7173 
59.5000 0.4040 0.7890 0.4016 0.2847 0.9515 0.7182 
59.6000 0.4030 0.7890 0.4016 0.2847 0.9515 0.7191 
59.7000 0.4020 0.7890 0.4016 0.2847 0.9515 0.7200 
59.8000 0.4010 0.7890 0.4016 0.2847 0.9515 0.7209 
59.9000 0.4000 0.7890 0.4016 0.2847 0.9515 0.7218 
60.0000 0.3990 0.7890 0.4016 0.2847 0.9515 0.7227 
60.1000 0.3980 0.7890 0.4016 0.2847 0.9515 0.7235 
60.2000 0.3970 0.7890 0.4016 0.2847 0.9515 0.7244 
60.3000 0.3960 0.7890 0.4016 0.2847 0.9515 0.7253 
60.4000 0.3950 0.7890 0.4016 0.2847 0.9515 0.7262 
60.5000 0.3940 0.7890 0.4016 0.2847 0.9515 0.7271 
60.6000 0.3930 0.7890 0.4016 0.2847 0.9515 0.7280 
60.7000 0.3920 0.7890 0.4016 0.2847 0.9515 0.7288 
60.8000 0.3910 0.7890 0.4016 0.2847 0.9515 0.7297 
60.9000 0.3900 0.7890 0.4016 0.2847 0.9515 0.7306 
61.0000 0.3890 0.7890 0.4016 0.2847 0.9515 0.7315 
61.1000 0.3880 0.7890 0.4016 0.2847 0.9515 0.7323 
61.2000 0.3870 0.7890 0.4016 0.2847 0.9515 0.7332 
61.3000 0.3860 0.7890 0.4016 0.2847 0.9515 0.7341 
61.4000 0.3850 0.7890 0.4016 0.2847 0.9515 0.7349 
61.5000 0.3840 0.7890 0.4016 0.2847 0.9515 0.7358 
61.6000 0.3830 0.7890 0.4016 0.2847 0.9515 0.7367 
61.7000 0.3820 0.7890 0.4016 0.2847 0.9515 0.7375 
61.8000 0.3810 0.7890 0.4016 0.2847 0.9515 0.7384 
61.9000 0.3800 0.7890 0.4016 0.2847 0.9515 0.7392 
62.0000 0.3790 0.7890 0.4016 0.2847 0.9515 0.7401 
62.1000 0.3780 0.7890 0.4016 0.2847 0.9515 0.7410 
62.2000 0.3770 0.7890 0.4016 0.2847 0.9515 0.7418 
62.3000 0.3760 0.7890 0.4016 0.2847 0.9515 0.7427 
62.4000 0.3750 0.7890 0.4016 0.2847 0.9515 0.7435 
62.5000 0.3740 0.7890 0.4016 0.2847 0.9515 0.7443 
62.6000 0.3730 0.7890 0.4016 0.2847 0.9515 0.7452 
62.7000 0.3720 0.7890 0.4016 0.2847 0.9515 0.7460 
62.8000 0.3710 0.7890 0.4016 0.2847 0.9515 0.7469 
62.9000 0.3700 0.7890 0.4016 0.2847 0.9515 0.7477 
63.0000 0.3690 0.7890 0.4016 0.2847 0.9515 0.7486 
63.1000 0.3680 0.7890 0.4016 0.2847 0.9515 0.7494 
63.2000 0.3670 0.7890 0.4016 0.2847 0.9515 0.7502 
63.3000 0.3660 0.7890 0.4016 0.2847 0.9515 0.7511 
63.4000 0.3650 0.7890 0.4016 0.2847 0.9515 0.7519 
63.5000 0.3640 0.7890 0.4016 0.2847 0.9515 0.7527 
63.6000 0.3630 0.7890 0.4016 0.2847 0.9515 0.7535 
63.7000 0.3620 0.7890 0.4016 0.2847 0.9515 0.7544 
63.8000 0.3610 0.7890 0.4016 0.2847 0.9515 0.7552 
63.9000 0.3600 0.7890 0.4016 0.2847 0.9515 0.7560 
64.0000 0.3590 0.7890 0.4016 0.2847 0.9515 0.7568 
64.1000 0.3580 0.7890 0.4016 0.2847 0.9515 0.7576 
64.2000 0.3570 0.7890 0.4016 0.2847 0.9515 0.7584 
64.3000 0.3560 0.7890 0.4016 0.2847 0.9515 0.7593 
64.4000 0.3550 0.7890 0.4016 0.2847 0.9515 0.7601 
64.5000 0.3540 0.7890 0.4016 0.2847 0.9515 0.7609 
64.6000 0.3530 0.7890 0.4016 0.2847 0.9515 0.7617 
64.7000 0.3520 0.7890 0.4016 0.2847 0.9515 0.7625 
64.8000 0.3510 0.7890 0.4016 0.2847 0.9515 0.7633 
64.9000 0.3500 0.7890 0.4016 0.2847 0.9515 0.7641 
65.0000 0.3490 0.7890 0.4016 0.2847 0.9515 0.7649 
65.1000 0.3480 0.7890 0.4016 0.2847 0.9515 0.7657 
65.2000 0.3470 0.7890 0.4016 0.2847 0.9515 0.7665 
65.3000 0.3460 0.7890 0.4016 0.2847 0.9515 0.7673 
65.4000 0.3450 0.7890 0.4016 0.2847 0.9515 0.7681 
65.5000 0.3440 0.7890 0.4016 0.2847 0.9515 0.7689 
65.6000 0.3430 0.7890 0.4016 0.2847 0.9515 0.7697 
65.7000 0.3420 0.7890 0.4016 0.2847 0.9515 0.7704 
65.8000 0.3410 0.7890 0.4016 0.2847 0.9515 0.7712 
65.9000 0.3400 0.7890 0.4016 0.2847 0.9515 0.7720 
66.0000 0.3390 0.7890 0.4016 0.2847 0.9515 0.7728 
66.1000 0.3380 0.7890 0.4016 0.2847 0.9515 0.7736 
66.2000 0.3370 0.7890 0.4016 0.2847 0.9515 0.7743 
66.3000 0.3360 0.7890 0.4016 0.2847 0.9515 0.7751 
66.4000 0.3350 0.7890 0.4016 0.2847 0.9515 0.7759 
66.5000 0.3340 0.7890 0.4016 0.2847 0.9515 0.7767 
66.6000 0.3330 0.7890 0.4016 0.2847 0.9515 0.7774 
66.7000 0.3320 0.7890 0.4016 0.2847 0.9515 0.7782 
66.8000 0.3310 0.7890 0.4016 0.2847 0.9515 0.7790 
66.9000 0.3300 0.7890 0.4016 0.2847 0.9515 0.7797 
67.0000 0.3290 0.7890 0.4016 0.2847 0.9515 0.7805 
67.1000 0.3280 0.7890 0.4016 0.2847 0.9515 0.7813 
67.2000 0.3270 0.7890 0.4016 0.2847 0.9515 0.7820 
67.3000 0.3260 0.7890 0.4016 0.2847 0.9515 0.7828 
67.4000 0.3250 0.7890 0.4016 0.2847 0.9515 0.7835 
67.5000 0.3240 0.7890 0.4016 0.2847 0.9515 0.7843 
67.6000 0.3230 0.7890 0.4016 0.2847 0.9515 0.7850 
67.7000 0.3220 0.7890 0.4016 0.2847 0.9515 0.7858 
67.8000 0.3210 0.7890 0.4016 0.2847 0.9515 0.7865 
67.9000 0.3200 0.7890 0.4016 0.2847 0.9515 0.7873 
68.0000 0.3190 0.7890 0.4016 0.2847 0.9515 0.7880 
68.1000 0.3180 0.7890 0.4016 0.2847 0.9515 0.7887 
68.2000 0.3170 0.7890 0.4016 0.2847 0.9515 0.7895 
68.3000 0.3160 0.7890 0.4016 0.2847 0.9515 0.7902 
68.4000 0.3150 0.7890 0.4016 0.2847 0.9515 0.7910 
68.5000 0.3140 0.7890 0.4016 0.2847 0.9515 0.7917 
68.6000 0.3130 0.7890 0.4016 0.2847 0.9515 0.7924 
68.7000 0.3120 0.7890 0.4016 0.2847 0.9515 0.7932 
68.8000 0.3110 0.7890 0.4016 0.2847 0.9515 0.7939 
68.9000 0.3100 0.7890 0.4016 0.2847 0.9515 0.7946 
69.0000 0.3090 0.7890 0.4016 0.2847 0.9515 0.7953 
69.1000 0.3080 0.7890 0.4016 0.2847 0.9515 0.7961 
69.2000 0.3070 0.7890 0.4016 0.2847 0.9515 0.7968 
69.3000 0.3060 0.7890 0.4016 0.2847 0.9515 0.7975 
69.4000 0.3050 0.7890 0.4016 0.2847 0.9515 0.7982 
69.5000 0.3040 0.7890 0.4016 0.2847 0.9515 0.7989 
69.6000 0.3030 0.7890 0.4016 0.2847 0.9515 0.7996 
69.7000 0.3020 0.7890 0.4016 0.2847 0.9515 0.8003 
69.8000 0.3010 0.7890 0.4016 0.2847 0.9515 0.8011 
69.9000 0.3000 0.7890 0.4016 0.2847 0.9515 0.8018 
70.0000 0.2990 0.7890 0.4016 0.2847 0.9515 0.8025 
70.1000 0.2980 0.7890 0.4016 0.2847 0.9515 0.8032 
70.2000 0.2970 0.7890 0.4016 0.2847 0.9515 0.8039 
70.3000 0.2960 0.7890 0.4016 0.2847 0.9515 0.8046 
70.4000 0.2950 0.7890 0.4016 0.2847 0.9515 0.8053 
70.5000 0.2940 0.7890 0.4016 0.2847 0.9515 0.8060 
70.6000 0.2930 0.7890 0.4016 0.2847 0.9515 0.8067 
70.7000 0.2920 0.7890 0.4016 0.2847 0.9515 0.8073 
70.8000 0.2910 0.7890 0.4016 0.2847 0.9515 0.8080 
70.9000 0.2900 0.7890 0.4016 0.2847 0.9515 0.8087 
71.0000 0.2890 0.7890 0.4016 0.2847 0.9515 0.8094 
71.1000 0.2880 0.7890 0.4016 0.2847 0.9515 0.8101 
71.2000 0.2870 0.7890 0.4016 0.2847 0.9515 0.8108 
71.3000 0.2860 0.7890 0.4016 0.2847 0.9515 0.8115 
71.4000 0.2850 0.7890 0.4016 0.2847 0.9515 0.8121 
71.5000 0.2840 0.7890 0.4016 0.2847 0.9515 0.8128 
71.6000 0.2830 0.7890 0.4016 0.2847 0.9515 0.8135 
71.7000 0.2820 0.7890 0.4016 0.2847 0.9515 0.8142 
71.8000 0.2810 0.7890 0.4016 0.2847 0.9515 0.8148 
71.9000 0.2800 0.7890 0.4016 0.2847 0.9515 0.8155 
72.0000 0.2790 0.7890 0.4016 0.2847 0.9515 0.8162 
72.1000 0.2780 0.7890 0.4016 0.2847 0.9515 0.8168 
72.2000 0.2770 0.7890 0.4016 0.2847 0.9515 0.8175 
72.3000 0.2760 0.7890 0.4016 0.2847 0.9515 0.8182 
72.4000 0.2750 0.7890 0.4016 0.2847 0.9515 0.8188 
72.5000 0.2740 0.7890 0.4016 0.2847 0.9515 0.8195 
72.6000 0.2730 0.7890 0.4016 0.2847 0.9515 0.8201 
72.7000 0.2720 0.7890 0.4016 0.2847 0.9515 0.8208 
72.8000 0.2710 0.7890 0.4016 0.2847 0.9515 0.8214 
72.9000 0.2700 0.7890 0.4016 0.2847 0.9515 0.8221 
73.0000 0.2690 0.7890 0.4016 0.2847 0.9515 0.8227 
73.1000 0.2680 0.7890 0.4016 0.2847 0.9515 0.8234 
73.2000 0.2670 0.7890 0.4016 0.2847 0.9515 0.8240 
73.3000 0.2660 0.7890 0.4016 0.2847 0.9515 0.8247 
73.4000 0.2650 0.7890 0.4016 0.2847 0.9515 0.8253 
73.5000 0.2640 0.7890 0.4016 0.2847 0.9515 0.8260 
73.6000 0.2630 0.7890 0.4016 0.2847 0.9515 0.8266 
73.7000 0.2620 0.7890 0.4016 0.2847 0.9515 0.8272 
73.8000 0.2610 0.7890 0.4016 0.2847 0.9515 0.8279 
73.9000 0.2600 0.7890 0.4016 0.2847 0.9515 0.8285 
74.0000 0.2590 0.7890 0.4016 0.2847 0.9515 0.8291 
74.1000 0.2580 0.7890 0.4016 0.2847 0.9515 0.8297 
74.2000 0.2570 0.7890 0.4016 0.2847 0.9515 0.8304 
74.3000 0.2560 0.7890 0.4016 0.2847 0.9515 0.8310 
74.4000 0.2550 0.7890 0.4016 0.2847 0.9515 0.8316 
74.5000 0.2540 0.7890 0.4016 0.2847 0.9515 0.8322 
74.6000 0.2530 0.7890 0.4016 0.2847 0.9515 0.8329 
74.7000 0.2520 0.7890 0.4016 0.2847 0.9515 0.8335 
74.8000 0.2510 0.7890 0.4016 0.2847 0.9515 0.8341 
74.9000 0.2500 0.7890 0.4016 0.2847 0.9515 0.8347 
75.0000 0.2490 0.7890 0.4016 0.2847 0.9515 0.8353 
75.1000 0.2480 0.7890 0.4016 0.2847 0.9515 0.8359 
75.2000 0.2470 0.7890 0.4016 0.2847 0.9515 0.8365 
75.3000 0.2460 0.7890 0.4016 0.2847 0.9515 0.8371 
75.4000 0.2450 0.7890 0.4016 0.2847 0.9515 0.8378 
75.5000 0.2440 0.7890 0.4016 0.2847 0.9515 0.8384 
75.6000 0.2430 0.7890 0.4016 0.2847 0.9515 0.8390 
75.7000 0.2420 0.7890 0.4016 0.2847 0.9515 0.8396 
75.8000 0.2410 0.7890 0.4016 0.2847 0.9515 0.8402 
75.9000 0.2400 0.7890 0.4016 0.2847 0.9515 0.8407 
76.0000 0.2390 0.7890 0.4016 0.2847 0.9515 0.8413 
76.1000 0.2380 0.7890 0.4016 0.2847 0.9515 0.8419 
76.2000 0.2370 0.7890 0.4016 0.2847 0.9515 0.8425 
76.3000 0.2360 0.7890 0.4016 0.2847 0.9515 0.8431 
76.4000 0.2350 0.7890 0.4016 0.2847 0.9515 0.8437 
76.5000 0.2340 0.7890 0.4016 0.2847 0.9515 0.8443 
76.6000 0.2330 0.7890 0.4016 0.2847 0.9515 0.8449 
76.7000 0.2320 0.7890 0.4016 0.2847 0.9515 0.8454 
76.8000 0.2310 0.7890 0.4016 0.2847 0.9515 0.8460 
76.9000 0.2300 0.7890 0.4016 0.2847 0.9515 0.8466 
77.0000 0.2290 0.7890 0.4016 0.2847 0.9515 0.8472 
77.1000 0.2280 0.7890 0.4016 0.2847 0.9515 0.8478 
77.2000 0.2270 0.7890 0.4016 0.2847 0.9515 0.8483 
77.3000 0.2260 0.7890 0.4016 0.2847 0.9515 0.8489 
77.4000 0.2250 0.7890 0.4016 0.2847 0.9515 0.8495 
77.5000 0.2240 0.7890 0.4016 0.2847 0.9515 0.8500 
77.6000 0.2230 0.7890 0.4016 0.2847 0.9515 0.8506 
77.7000 0.2220 0.7890 0.4016 0.2847 0.9515 0.8512 
77.8000 0.2210 0.7890 0.4016 0.2847 0.9515 0.8517 
77.9000 0.2200 0.7890 0.4016 0.2847 0.9515 0.8523 
78.0000 0.2190 0.7890 0.4016 0.2847 0.9515 0.8528 
78.1000 0.2180 0.7890 0.4016 0.2847 0.9515 0.8534 
78.2000 0.2170 0.7890 0.4016 0.2847 0.9515 0.8540 
78.3000 0.2160 0.7890 0.4016 0.2847 0.9515 0.8545 
78.4000 0.2150 0.7890 0.4016 0.2847 0.9515 0.8551 
78.5000 0.2140 0.7890 0.4016 0.2847 0.9515 0.8556 
78.6000 0.2130 0.7890 0.4016 0.2847 0.9515 0.8562 
78.7000 0.2120 0.7890 0.4016 0.2847 0.9515 0.8567 
78.8000 0.2110 0.7890 0.4016 0.2847 0.9515 0.8572 
78.9000 0.2100 0.7890 0.4016 0.2847 0.9515 0.8578 
79.0000 0.2090 0.7890 0.4016 0.2847 0.9515 0.8583 
79.1000 0.2080 0.7890 0.4016 0.2847 0.9515 0.8589 
79.2000 0.2070 0.7890 0.4016 0.2847 0.9515 0.8594 
79.3000 0.2060 0.7890 0.4016 0.2847 0.9515 0.8599 
79.4000 0.2050 0.7890 0.4016 0.2847 0.9515 0.8605 
79.5000 0.2040 0.7890 0.4016 0.2847 0.9515 0.8610 
79.6000 0.2030 0.7890 0.4016 0.2847 0.9515 0.8615 
79.7000 0.2020 0.7890 0.4016 0.2847 0.9515 0.8621 
79.8000 0.2010 0.7890 0.4016 0.2847 0.9515 0.8626 
79.9000 0.2000 0.7890 0.4016 0.2847 0.9515 0.8631 
80.0000 0.1990 0.7890 0.4016 0.2847 0.9515 0.8636 
80.1000 0.1980 0.7890 0.4016 0.2847 0.9515 0.8642 
80.2000 0.1970 0.7890 0.4016 0.2847 0.9515 0.8647 
80.3000 0.1960 0.7890 0.4016 0.2847 0.9515 0.8652 
80.4000 0.1950 0.7890 0.4016 0.2847 0.9515 0.8657 
80.5000 0.1940 0.7890 0.4016 0.2847 0.9515 0.8662 
80.6000 0.1930 0.7890 0.4016 0.2847 0.9515 0.8667 
80.7000 0.1920 0.7890 0.4016 0.2847 0.9515 0.8673 
80.8000 0.1910 0.7890 0.4016 0.2847 0.9515 0.8678 
80.9000 0.1900 0.7890 0.4016 0.2847 0.9515 0.8683 
81.0000 0.1890 0.7890 0.4016 0.2847 0.9515 0.8688 
81.1000 0.1880 0.7890 0.4016 0.2847 0.9515 0.8693 
81.2000 0.1870 0.7890 0.4016 0.2847 0.9515 0.8698 
81.3000 0.1860 0.7890 0.4016 0.2847 0.9515 0.8703 
81.4000 0.1850 0.7890 0.4016 0.2847 0.9515 0.8708 
81.5000 0.1840 0.7890 0.4016 0.2847 0.9515 0.8713 
81.6000 0.1830 0.7890 0.4016 0.2847 0.9515 0.8718 
81.7000 0.1820 0.7890 0.4016 0.2847 0.9515 0.8723 
81.8000 0.1810 0.7890 0.4016 0.2847 0.9515 0.8728 
81.9000 0.1800 0.7890 0.4016 0.2847 0.9515 0.8733 
82.0000 0.1790 0.7890 0.4016 0.2847 0.9515 0.8738 
82.1000 0.1780 0.7890 0.4016 0.2847 0.9515 0.8743 
82.2000 0.1770 0.7890 0.4016 0.2847 0.9515 0.8747 
82.3000 0.1760 0.7890 0.4016 0.2847 0.9515 0.8752 
82.4000 0.1750 0.7890 0.4016 0.2847 0.9515 0.8757 
82.5000 0.1740 0.7890 0.4016 0.2847 0.9515 0.8762 
82.6000 0.1730 0.7890 0.4016 0.2847 0.9515 0.8767 
82.7000 0.1720 0.7890 0.4016 0.2847 0.9515 0.8772 
82.8000 0.1710 0.7890 0.4016 0.2847 0.9515 0.8776 
82.9000 0.1700 0.7890 0.4016 0.2847 0.9515 0.8781 
83.0000 0.1690 0.7890 0.4016 0.2847 0.9515 0.8786 
83.1000 0.1680 0.7890 0.4016 0.2847 0.9515 0.8791 
83.2000 0.1670 0.7890 0.4016 0.2847 0.9515 0.8795 
83.3000 0.1660 0.7890 0.4016 0.2847 0.9515 0.8800 
83.4000 0.1650 0.7890 0.4016 0.2847 0.9515 0.8805 
83.5000 0.1640 0.7890 0.4016 0.2847 0.9515 0.8809 
83.6000 0.1630 0.7890 0.4016 0.2847 0.9515 0.8814 
83.7000 0.1620 0.7890 0.4016 0.2847 0.9515 0.8819 
83.8000 0.1610 0.7890 0.4016 0.2847 0.9515 0.8823 
83.9000 0.1600 0.7890 0.4016 0.2847 0.9515 0.8828 
84.0000 0.1590 0.7890 0.4016 0.2847 0.9515 0.8832 
84.1000 0.1580 0.7890 0.4016 0.2847 0.9515 0.8837 
84.2000 0.1570 0.7890 0.4016 0.2847 0.9515 0.8842 
84.3000 0.1560 0.7890 0.4016 0.2847 0.9515 0.8846 
84.4000 0.1550 0.7890 0.4016 0.2847 0.9515 0.8851 
84.5000 0.1540 0.7890 0.4016 0.2847 0.9515 0.8855 
84.6000 0.1530 0.7890 0.4016 0.2847 0.9515 0.8860 
84.7000 0.1520 0.7890 0.4016 0.2847 0.9515 0.8864 
84.8000 0.1510 0.7890 0.4016 0.2847 0.9515 0.8869 
84.9000 0.1500 0.7890 0.4016 0.2847 0.9515 0.8873 
85.0000 0.1490 0.7890 0.4016 0.2847 0.9515 0.8877 
85.1000 0.1480 0.7890 0.4016 0.2847 0.9515 0.8882 
85.2000 0.1470 0.7890 0.4016 0.2847 0.9515 0.8886 
85.3000 0.1460 0.7890 0.4016 0.2847 0.9515 0.8891 
85.4000 0.1450 0.7890 0.4016 0.2847 0.9515 0.8895 
85.5000 0.1440 0.7890 0.4016 0.2847 0.9515 0.8899 
85.6000 0.1430 0.7890 0.4016 0.2847 0.9515 0.8904 
85.7000 0.1420 0.7890 0.4016 0.2847 0.9515 0.8908 
85.8000 0.1410 0.7890 0.4016 0.2847 0.9515 0.8912 
85.9000 0.1400 0.7890 0.4016 0.2847 0.9515 0.8917 
86.0000 0.1390 0.7890 0.4016 0.2847 0.9515 0.8921 
86.1000 0.1380 0.7890 0.4016 0.2847 0.9515 0.8925 
86.2000 0.1370 0.7890 0.4016 0.2847 0.9515 0.8929 
86.3000 0.1360 0.7890 0.4016 0.2847 0.9515 0.8934 
86.4000 0.1350 0.7890 0.4016 0.2847 0.9515 0.8938 
86.5000 0.1340 0.7890 0.4016 0.2847 0.9515 0.8942 
86.6000 0.1330 0.7890 0.4016 0.2847 0.9515 0.8946 
86.7000 0.1320 0.7890 0.4016 0.2847 0.9515 0.8951 
86.8000 0.1310 0.7890 0.4016 0.2847 0.9515 0.8955 
86.9000 0.1300 0.7890 0.4016 0.2847 0.9515 0.8959 
87.0000 0.1290 0.7890 0.4016 0.2847 0.9515 0.8963 
87.1000 0.1280 0.7890 0.4016 0.2847 0.9515 0.8967 
87.2000 0.1270 0.7890 0.4016 0.2847 0.9515 0.8971 
87.3000 0.1260 0.7890 0.4016 0.2847 0.9515 0.8975 
87.4000 0.1250 0.7890 0.4016 0.2847 0.9515 0.8979 
87.5000 0.1240 0.7890 0.4016 0.2847 0.9515 0.8983 
87.6000 0.1230 0.7890 0.4016 0.2847 0.9515 0.8987 
87.7000 0.1220 0.7890 0.4016 0.2847 0.9515 0.8992 
87.8000 0.1210 0.7890 0.4016 0.2847 0.9515 0.8996 
87.9000 0.1200 0.7890 0.4016 0.2847 0.9515 0.9000 
88.0000 0.1190 0.7890 0.4016 0.2847 0.9515 0.9004 
88.1000 0.1180 0.7890 0.4016 0.2847 0.9515 0.9008 
88.2000 0.1170 0.7890 0.4016 0.2847 0.9515 0.9011 
88.3000 0.1160 0.7890 0.4016 0.2847 0.9515 0.9015 
88.4000 0.1150 0.7890 0.4016 0.2847 0.9515 0.9019 
88.5000 0.1140 0.7890 0.4016 0.2847 0.9515 0.9023 
88.6000 0.1130 0.7890 0.4016 0.2847 0.9515 0.9027 
88.7000 0.1120 0.7890 0.4016 0.2847 0.9515 0.9031 
88.8000 0.1110 0.7890 0.4016 0.2847 0.9515 0.9035 
88.9000 0.1100 0.7890 0.4016 0.2847 0.9515 0.9039 
89.0000 0.1090 0.7890 0.4016 0.2847 0.9515 0.9043 
89.1000 0.1080 0.7890 0.4016 0.2847 0.9515 0.9047 
89.2000 0.1070 0.7890 0.4016 0.2847 0.9515 0.9050 
89.3000 0.1060 0.7890 0.4016 0.2847 0.9515 0.9054 
89.4000 0.1050 0.7890 0.4016 0.2847 0.9515 0.9058 
89.5000 0.1040 0.7890 0.4016 0.2847 0.9515 0.9062 
89.6000 0.1030 0.7890 0.4016 0.2847 0.9515 0.9065 
89.7000 0.1020 0.7890 0.4016 0.2847 0.9515 0.9069 
89.8000 0.1010 0.7890 0.4016 0.2847 0.9515 0.9073 
89.9000 0.1000 0.7890 0.4016 0.2847 0.9515 0.9077 
90.0000 0.0990 0.7890 0.4016 0.2847 0.9515 0.9080 
90.1000 0.0980 0.7890 0.4016 0.2847 0.9515 0.9084 
90.2000 0.0970 0.7890 0.4016 0.2847 0.9515 0.9088 
90.3000 0.0960 0.7890 0.4016 0.2847 0.9515 0.9091 
90.4000 0.0950 0.7890 0.4016 0.2847 0.9515 0.9095 
90.5000 0.0940 0.7890 0.4016 0.2847 0.9515 0.9099 
90.6000 0.0930 0.7890 0.4016 0.2847 0.9515 0.9102 
90.7000 0.0920 0.7890 0.4016 0.2847 0.9515 0.9106 
90.8000 0.0910 0.7890 0.4016 0.2847 0.9515 0.9110 
90.9000 0.0900 0.7890 0.4016 0.2847 0.9515 0.9113 
91.0000 0.0890 0.7890 0.4016 0.2847 0.9515 0.9117 
91.1000 0.0880 0.7890 0.4016 0.2847 0.9515 0.9120 
91.2000 0.0870 0.7890 0.4016 0.2847 0.9515 0.9124 
91.3000 0.0860 0.7890 0.4016 0.2847 0.9515 0.9128 
91.4000 0.0850 0.7890 0.4016 0.2847 0.9515 0.9131 
91.5000 0.0840 0.7890 0.4016 0.2847 0.9515 0.9135 
91.6000 0.0830 0.7890 0.4016 0.2847 0.9515 0.9138 
91.7000 0.0820 0.7890 0.4016 0.2847 0.9515 0.9142 
91.8000 0.0810 0.7890 0.4016 0.2847 0.9515 0.9145 
91.9000 0.0800 0.7890 0.4016 0.2847 0.9515 0.9149 
92.0000 0.0790 0.7890 0.4016 0.2847 0.9515 0.9152 
92.1000 0.0780 0.7890 0.4016 0.2847 0.9515 0.9155 
92.2000 0.0770 0.7890 0.4016 0.2847 0.9515 0.9159 
92.3000 0.0760 0.7890 0.4016 0.2847 0.9515 0.9162 
92.4000 0.0750 0.7890 0.4016 0.2847 0.9515 0.9166 
92.5000 0.0740 0.7890 0.4016 0.2847 0.9515 0.9169 
92.6000 0.0730 0.7890 0.4016 0.2847 0.9515 0.9172 
92.7000 0.0720 0.7890 0.4016 0.2847 0.9515 0.9176 
92.8000 0.0710 0.7890 0.4016 0.2847 0.9515 0.9179 
92.9000 0.0700 0.7890 0.4016 0.2847 0.9515 0.9182 
93.0000 0.0690 0.7890 0.4016 0.2847 0.9515 0.9186 
93.1000 0.0680 0.7890 0.4016 0.2847 0.9515 0.9189 
93.2000 0.0670 0.7890 0.4016 0.2847 0.9515 0.9192 
93.3000 0.0660 0.7890 0.4016 0.2847 0.9515 0.9196 
93.4000 0.0650 0.7890 0.4016 0.2847 0.9515 0.9199 
93.5000 0.0640 0.7890 0.4016 0.2847 0.9515 0.9202 
93.6000 0.0630 0.7890 0.4016 0.2847 0.9515 0.9206 
93.7000 0.0620 0.7890 0.4016 0.2847 0.9515 0.9209 
93.8000 0.0610 0.7890 0.4016 0.2847 0.9515 0.9212 
93.9000 0.0600 0.7890 0.4016 0.2847 0.9515 0.9215 
94.0000 0.0590 0.7890 0.4016 0.2847 0.9515 0.9218 
94.1000 0.0580 0.7890 0.4016 0.2847 0.9515 0.9222 
94.2000 0.0570 0.7890 0.4016 0.2847 0.9515 0.9225 
94.3000 0.0560 0.7890 0.4016 0.2847 0.9515 0.9228 
94.4000 0.0550 0.7890 0.4016 0.2847 0.9515 0.9231 
94.5000 0.0540 0.7890 0.4016 0.2847 0.9515 0.9234 
94.6000 0.0530 0.7890 0.4016 0.2847 0.9515 0.9237 
94.7000 0.0520 0.7890 0.4016 0.2847 0.9515 0.9241 
94.8000 0.0510 0.7890 0.4016 0.2847 0.9515 0.9244 
94.9000 0.0500 0.7890 0.4016 0.2847 0.9515 0.9247 
95.0000 0.0490 0.7890 0.4016 0.2847 0.9515 0.9250 
95.1000 0.0480 0.7890 0.4016 0.2847 0.9515 0.9253 
95.2000 0.0470 0.7890 0.4016 0.2847 0.9515 0.9256 
95.3000 0.0460 0.7890 0.4016 0.2847 0.9515 0.9259 
95.4000 0.0450 0.7890 0.4016 0.2847 0.9515 0.9262 
95.5000 0.0440 0.7890 0.4016 0.2847 0.9515 0.9265 
95.6000 0.0430 0.7890 0.4016 0.2847 0.9515 0.9268 
95.7000 0.0420 0.7890 0.4016 0.2847 0.9515 0.9271 
95.8000 0.0410 0.7890 0.4016 0.2847 0.9515 0.9274 
95.9000 0.0400 0.7890 0.4016 0.2847 0.9515 0.9277 
96.0000 0.0390 0.7890 0.4016 0.2847 0.9515 0.9280 
96.1000 0.0380 0.7890 0.4016 0.2847 0.9515 0.9283 
96.2000 0.0370 0.7890 0.4016 0.2847 0.9515 0.9286 
96.3000 0.0360 0.7890 0.4016 0.2847 0.9515 0.9289 
96.4000 0.0350 0.7890 0.4016 0.2847 0.9515 0.9292 
96.5000 0.0340 0.7890 0.4016 0.2847 0.9515 0.9295 
96.6000 0.0330 0.7890 0.4016 0.2847 0.9515 0.9298 
96.7000 0.0320 0.7890 0.4016 0.2847 0.9515 0.9301 
96.8000 0.0310 0.7890 0.4016 0.2847 0.9515 0.9303 
96.9000 0.0300 0.7890 0.4016 0.2847 0.9515 0.9306 
97.0000 0.0290 0.7890 0.4016 0.2847 0.9515 0.9309 
97.1000 0.0280 0.7890 0.4016 0.2847 0.9515 0.9312 
97.2000 0.0270 0.7890 0.4016 0.2847 0.9515 0.9315 
97.3000 0.0260 0.7890 0.4016 0.2847 0.9515 0.9318 
97.4000 0.0250 0.7890 0.4016 0.2847 0.9515 0.9320 
97.5000 0.0240 0.7890 0.4016 0.2847 0.9515 0.9323 
97.6000 0.0230 0.7890 0.4016 0.2847 0.9515 0.9326 
97.7000 0.0220 0.7890 0.4016 0.2847 0.9515 0.9329 
97.8000 0.0210 0.7890 0.4016 0.2847 0.9515 0.9332 
97.9000 0.0200 0.7890 0.4016 0.2847 0.9515 0.9334 
98.0000 0.0190 0.7890 0.4016 0.2847 0.9515 0.9337 
98.1000 0.0180 0.7890 0.4016 0.2847 0.9515 0.9340 
98.2000 0.0170 0.7890 0.4016 0.2847 0.9515 0.9343 
98.3000 0.0160 0.7890 0.4016 0.2847 0.9515 0.9345 
98.4000 0.0150 0.7890 0.4016 0.2847 0.9515 0.9348 
98.5000 0.0140 0.7890 0.4016 0.2847 0.9515 0.9351 
98.6000 0.0130 0.7890 0.4016 0.2847 0.9515 0.9353 
98.7000 0.0120 0.7890 0.4016 0.2847 0.9515 0.9356 
98.8000 0.0110 0.7890 0.4016 0.2847 0.9515 0.9359 
98.9000 0.0100 0.7890 0.4016 0.2847 0.9515 0.9361 
99.0000 0.0090 0.7890 0.4016 0.2847 0.9515 0.9364 
99.1000 0.0080 0.7890 0.4016 0.2847 0.9515 0.9367 
99.2000 0.0070 0.7890 0.4016 0.2847 0.9515 0.9369 
99.3000 0.0060 0.7890 0.4016 0.2847 0.9515 0.9372 
99.4000 0.0050 0.7890 0.4016 0.2847 0.9515 0.9375 
99.5000 0.0040 0.7890 0.4016 0.2847 0.9515 0.9377 
99.6000 0.0030 0.7890 0.4016 0.2847 0.9515 0.9380 
99.7000 0.0020 0.7890 0.4016 0.2847 0.9515 0.9382 
99.8000 0.0010 0.7890 0.4016 0.2847 0.9515 0.9385 
99.9000 0.0000 0.7890 0.4016 0.2847 0.9515 0.9388 
100.0000 0.0000 0.7890 0.4016 0.2847 0.9515 0.9390 
100.1000 0.0000 0.7890 0.4016 0.2847 0.9515 0.9392 
100.2000 0.0000 0.7890 0.4016 0.2847 0.9515 0.9395 
100.3000 0.0000 0.7890 0.4016 0.2847 0.9515 0.9397 
100.4000 0.0000 0.7890 0.4016 0.2847 0.9515 0.9399 
100.5000 0.0000 0.7890 0.4016 0.2847 0.9515 0.9401 
100.6000 0.0000 0.7890 0.4016 0.2847 0.9515 0.9403 
100.7000 0.0000 0.7890 0.4016 0.2847 0.9515 0.9405 
100.8000 0.0000 0.7890 0.4016 0.2847 0.9515 0.9406 
100.9000 0.0000 0.7890 0.4016 0.2847 0.9515 0.9408 
101.0000 0.0000 0.7890 0.4016 0.2847 0.9515 0.9410 
101.1000 0.0000 0.7890 0.4016 0.2847 0.9515 0.9411 
101.2000 0.0000 0.7890 0.4016 0.2847 0.9515 0.9413 
101.3000 0.0000 0.7890 0.4016 0.2847 0.9515 0.9414 
101.4000 0.0000 0.7890 0.4016 0.2847 0.9515 0.9415 
101.5000 0.0000 0.7890 0.4016 0.2847 0.9515 0.9417 
101.6000 0.0000 0.7890 0.4016 0.2847 0.9515 0.9418 
101.7000 0.0000 0.7890 0.4016 0.2847 0.9515 0.9419 
101.8000 0.0000 0.7890 0.4016 0.2847 0.9515 0.9420 
101.9000 0.0000 0.7890 0.4016 0.2847 0.9515 0.9422 
102.0000 0.0000 0.7890 0.4016 0.2847 0.9515 0.9423 
102.1000 0.0000 0.7890 0.4016 0.2847 0.9515 0.9424 
102.2000 0.0000 0.7890 0.4016 0.2847 0.9515 0.9425 
102.3000 0.0000 0.7890 0.4016 0.2847 0.9515 0.9426 
102.4000 0.0000 0.7890 0.4016 0.2847 0.9515 0.9427 
102.5000 0.0000 0.7890 0.4016 0.2847 0.9515 0.9427 
102.6000 0.0000 0.7890 0.4016 0.2847 0.9515 0.9428 
102.7000 0.0000 0.7890 0.4016 0.2847 0.9515 0.9429 
102.8000 0.0000 0.7890 0.4016 0.2847 0.9515 0.9430 
102.9000 0.0000 0.7890 0.4016 0.2847 0.9515 0.9431 
103.0000 0.0000 0.7890 0.4016 0.2847 0.9515 0.9431 
103.1000 0.0000 0.7890 0.4016 0.2847 0.9515 0.9432 
103.2000 0.0000 0.7890 0.4016 0.2847 0.9515 0.9433 
103.3000 0.0000 0.7890 0.4016 0.2847 0.9515 0.9433 
103.4000 0.0000 0.7890 0.4016 0.2847 0.9515 0.9434 
103.5000 0.0000 0.7890 0.4016 0.2847 0.9515 0.9435 
103.6000 0.0000 0.7890 0.4016 0.2847 0.9515 0.9435 
103.7000 0.0000 0.7890 0.4016 0.2847 0.9515 0.9436 
103.8000 0.0000 0.7890 0.4016 0.2847 0.9515 0.9436 
103.9000 0.0000 0.7890 0.4016 0.2847 0.9515 0.9437 
104.0000 0.0000 0.7890 0.4016 0.2847 0.9515 0.9437 
104.1000 0.0000 0.7890 0.4016 0.2847 0.9515 0.9438 
104.2000 0.0000 0.7890 0.4016 0.2847 0.9515 0.9438 
104.3000 0.0000 0.7890 0.4016 0.2847 0.9515 0.9439 
104.4000 0.0000 0.7890 0.4016 0.2847 0.9515 0.9439 
104.5000 0.0000 0.7890 0.4016 0.2847 0.9515 0.9439 
104.6000 0.0000 0.7890 0.4016 0.2847 0.9515 0.9440 
104.7000 0.0000 0.7890 0.4016 0.2847 0.9515 0.9440 
104.8000 0.0000 0.7890 0.4016 0.2847 0.9515 0.9440 
104.9000 0.0000 0.7890 0.4016 0.2847 0.9515 0.9441 
105.0000 0.0000 0.7890 0.4016 0.2847 0.9515 0.9441 
105.1000 0.0000 0.7890 0.4016 0.2847 0.9515 0.9441 
105.2000 0.0000 0.7890 0.4016 0.2847 0.9515 0.9442 
105.3000 0.0000 0.7890 0.4016 0.2847 0.9515 0.9442 
105.4000 0.0000 0.7890 0.4016 0.2847 0.9515 0.9442 
105.5000 0.0000 0.7890 0.4016 0.2847 0.9515 0.9443 
105.6000 0.0000 0.7890 0.4016 0.2847 0.9515 0.9443 
105.7000 0.0000 0.7890 0.4016 0.2847 0.9515 0.9443 
105.8000 0.0000 0.7890 0.4016 0.2847 0.9515 0.9443 
105.9000 0.0000 0.7890 0.4016 0.2847 0.9515 0.9444 
106.0000 0.0000 0.7890 0.4016 0.2847 0.9515 0.9444 
106.1000 0.0000 0.7890 0.4016 0.2847 0.9515 0.9444 
106.2000 0.0000 0.7890 0.4016 0.2847 0.9515 0.9444 
106.3000 0.0000 0.7890 0.4016 0.2847 0.9515 0.9444 
106.4000 0.0000 0.7890 0.4016 0.2847 0.9515 0.9445 
106.5000 0.0000 0.7890 0.4016 0.2847 0.9515 0.9445 
106.6000 0.0000 0.7890 0.4016 0.2847 0.9515 0.9445 
106.7000 0.0000 0.7890 0.4016 0.2847 0.9515 0.9445 
106.8000 0.0000 0.7890 0.4016 0.2847 0.9515 0.9445 
106.9000 0.0000 0.7890 0.4016 0.2847 0.9515 0.9446 
107.0000 0.0000 0.7890 0.4016 0.2847 0.9515 0.9446 
107.1000 0.0000 0.7890 0.4016 0.2847 0.9515 0.9446 
107.2000 0.0000 0.7890 0.4016 0.2847 0.9515 0.9446 
107.3000 0.0000 0.7890 0.4016 0.2847 0.9515 0.9446 
107.4000 0.0000 0.7890 0.4016 0.2847 0.9515 0.9446 
107.5000 0.0000 0.7890 0.4016 0.2847 0.9515 0.9446 
107.6000 0.0000 0.7890 0.4016 0.2847 0.9515 0.9446 
107.7000 0.0000 0.7890 0.4016 0.2847 0.9515 0.9447 
107.8000 0.0000 0.7890 0.4016 0.2847 0.9515 0.9447 
107.9000 0.0000 0.7890 0.4016 0.2847 0.9515 0.9447 
108.0000 0.0000 0.7890 0.4016 0.2847 0.9515 0.9447 
108.1000 0.0000 0.7890 0.4016 0.2847 0.9515 0.9447 
108.2000 0.0000 0.7890 0.4016 0.2847 0.9515 0.9447 
108.3000 0.0000 0.7890 0.4016 0.2847 0.9515 0.9447 
108.4000 0.0000 0.7890 0.4016 0.2847 0.9515 0.9447 
108.5000 0.0000 0.7890 0.4016 0.2847 0.9515 0.9447 
108.6000 0.0000 0.7890 0.4016 0.2847 0.9515 0.9447 
108.7000 0.0000 0.7890 0.4016 0.2847 0.9515 0.9448 
108.8000 0.0000 0.7890 0.4016 0.2847 0.9515 0.9448 
108.9000 0.0000 0.7890 0.4016 0.2847 0.9515 0.9448 
109.0000 0.0000 0.7890 0.4016 0.2847 0.9515 0.9448 
109.1000 0.0000 0.7890 0.4016 0.2847 0.9515 0.9448 
109.2000 0.0000 0.7890 0.4016 0.2847 0.9515 0.9448 
109.3000 0.0000 0.7890 0.4016 0.2847 0.9515 0.9448 
109.4000 0.0000 0.7890 0.4016 0.2847 0.9515 0.9448 
109.5000 0.0000 0.7890 0.4016 0.2847 0.9515 0.9448 
109.6000 0.0000 0.7890 0.4016 0.2847 0.9515 0.9448 
109.7000 0.0000 0.7890 0.4016 0.2847 0.9515 0.9448 
109.8000 0.0000 0.7890 0.4016 0.2847 0.9515 0.9448 
109.9000 0.0000 0.7890 0.4016 0.2847 0.9515 0.9448 
110.0000 0.0000 0.7890 0.4016 0.2847 0.9515 0.9448 
110.1000 0.0000 0.7890 0.4016 0.2847 0.9515 0.9448 
110.2000 0.0000 0.7890 0.4016 0.2847 0.9515 0.9448 
110.3000 0.0000 0.7890 0.4016 0.2847 0.9515 0.9448 
110.4000 0.0000 0.7890 0.4016 0.2847 0.9515 0.9448 
110.5000 0.0000 0.7890 0.4016 0.2847 0.9515 0.9449 
110.6000 0.0000 0.7890 0.4016 0.2847 0.9515 0.9449 
110.7000 0.0000 0.7890 0.4016 0.2847 0.9515 0.9449 
110.8000 0.0000 0.7890 0.4016 0.2847 0.9515 0.9449 
110.9000 0.0000 0.7890 0.4016 0.2847 0.9515 0.9449 
111.0000 0.0000 0.7890 0.4016 0.2847 0.9515 0.9449 
111.1000 0.0000 0.7890 0.4016 0.2847 0.9515 0.9449 
111.2000 0.0000 0.7890 0.4016 0.2847 0.9515 0.9449 
111.3000 0.0000 0.7890 0.4016 0.2847 0.9515 0.9449 
111.4000 0.0000 0.7890 0.4016 0.2847 0.9515 0.9449 
111.5000 0.0000 0.7890 0.4016 0.2847 0.9515 0.9449 
111.6000 0.0000 0.7890 0.4016 0.2847 0.9515 0.9449 
111.7000 0.0000 0.7890 0.4016 0.2847 0.9515 0.9449 
111.8000 0.0000 0.7890 0.4016 0.2847 0.9515 0.9449 
111.9000 0.0000 0.7890 0.4016 0.2847 0.9515 0.9449 
112.0000 0.0000 0.7890 0.4016 0.2847 0.9515 0.9449 
112.1000 0.0000 0.7890 0.4016 0.2847 0.9515 0.9449 
112.2000 0.0000 0.7890 0.4016 0.2847 0.9515 0.9449 
112.3000 0.0000 0.7890 0.4016 0.2847 0.9515 0.9449 
112.4000 0.0000 0.7890 0.4016 0.2847 0.9515 0.9449 
112.5000 0.0000 0.7890 0.4016 0.2847 0.9515 0.9449 
112.6000 0.0000 0.7890 0.4016 0.2847 0.9515 0.9449 
112.7000 0.0000 0.7890 0.4016 0.2847 0.9515 0.9449 
112.8000 0.0000 0.7890 0.4016 0.2847 0.9515 0.9449 
112.9000 0.0000 0.7890 0.4016 0.2847 0.9515 0.9449 
113.0000 0.0000 0.7890 0.4016 0.2847 0.9515 0.9449 
113.1000 0.0000 0.7890 0.4016 0.2847 0.9515 0.9449 
113.2000 0.0000 0.7890 0.4016 0.2847 0.9515 0.9449 
113.3000 0.0000 0.7890 0.4016 0.2847 0.9515 0.9449 
113.4000 0.0000 0.7890 0.4016 0.2847 0.9515 0.9449 
113.5000 0.0000 0.7890 0.4016 0.2847 0.9515 0.9449 
113.6000 0.0000 0.7890 0.4016 0.2847 0.9515 0.9449 
113.7000 0.0000 0.7890 0.4016 0.2847 0.9515 0.9449 
113.8000 0.0000 0.7890 0.4016 0.2847 0.9515 0.9449 
113.9000 0.0000 0.7890 0.4016 0.2847 0.9515 0.9449 
114.0000 0.0000 0.7890 0.4016 0.2847 0.9515 0.9449 
114.1000 0.0000 0.7890 0.4016 0.2847 0.9515 0.9449 
114.2000 0.0000 0.7890 0.4016 0.2847 0.9515 0.9449 
114.3000 0.0000 0.7890 0.4016 0.2847 0.9515 0.9449 
114.4000 0.0000 0.7890 0.4016 0.2847 0.9515 0.9449 
114.5000 0.0000 0.7890 0.4016 0.2847 0.9515 0.9449 
114.6000 0.0000 0.7890 0.4016 0.2847 0.9515 0.9449 
114.7000 0.0000 0.7890 0.4016 0.2847 0.9515 0.9449 
114.8000 0.0000 0.7890 0.4016 0.2847 0.9515 0.9449 
114.9000 0.0000 0.7890 0.4016 0.2847 0.9515 0.9449 
115.0000 0.0000 0.7890 0.4016 0.2847 0.9515 0.9449 
115.1000 0.0000 0.7890 0.4016 0.2847 0.9515 0.9449 
115.2000 0.0000 0.7890 0.4016 0.2847 0.9515 0.9449 
115.3000 0.0000 0.7890 0.4016 0.2847 0.9515 0.9449 
115.4000 0.0000 0.7890 0.4016 0.2847 0.9515 0.9449 
115.5000 0.0000 0.7890 0.4016 0.2847 0.9515 0.9449 
115.6000 0.0000 0.7890 0.4016 0.2847 0.9515 0.9449 
115.7000 0.0000 0.7890 0.4016 0.2847 0.9515 0.9449 
115.8000 0.0000 0.7890 0.4016 0.2847 0.9515 0.9449 
115.9000 0.0000 0.7890 0.4016 0.2847 0.9515 0.9449 
116.0000 0.0000 0.7890 0.4016 0.2847 0.9515 0.9449 
116.1000 0.0000 0.7890 0.4016 0.2847 0.9515 0.9449 
116.2000 0.0000 0.7890 0.4016 0.2847 0.9515 0.9449 
116.3000 0.0000 0.7890 0.4016 0.2847 0.9515 0.9449 
116.4000 0.0000 0.7890 0.4016 0.2847 0.9515 0.9449 
116.5000 0.0000 0.7890 0.4016 0.2847 0.9515 0.9449 
116.6000 0.0000 0.7890 0.4016 0.2847 0.9515 0.9449 
116.7000 0.0000 0.7890 0.4016 0.2847 0.9515 0.9449 
116.8000 0.0000 0.7890 0.4016 0.2847 0.9515 0.9449 
116.9000 0.0000 0.7890 0.4016 0.2847 0.9515 0.9449 
117.0000 0.0000 0.7890 0.4016 0.2847 0.9515 0.9449 
117.1000 0.0000 0.7890 0.4016 0.2847 0.9515 0.9449 
117.2000 0.0000 0.7890 0.4016 0.2847 0.9515 0.9449 
117.3000 0.0000 0.7890 0.4016 0.2847 0.9515 0.9449 
117.4000 0.0000 0.7890 0.4016 0.2847 0.9515 0.9449 
117.5000 0.0000 0.7890 0.4016 0.2847 0.9515 0.9449 
117.6000 0.0000 0.7890 0.4016 0.2847 0.9515 0.9449 
117.7000 0.0000 0.7890 0.4016 0.2847 0.9515 0.9449 
117.8000 0.0000 0.7890 0.4016 0.2847 0.9515 0.9449 
117.9000 0.0000 0.7890 0.4016 0.2847 0.9515 0.9449 
118.0000 0.0000 0.7890 0.4016 0.2847 0.9515 0.9449 
118.1000 0.0000 0.7890 0.4016 0.2847 0.9515 0.9449 
118.2000 0.0000 0.7890 0.4016 0.2847 0.9515 0.9449 
118.3000 0.0000 0.7890 0.4016 0.2847 0.9515 0.9449 
118.4000 0.0000 0.7890 0.4016 0.2847 0.9515 0.9449 
118.5000 0.0000 0.7890 0.4016 0.2847 0.9515 0.9449 
118.6000 0.0000 0.7890 0.4016 0.2847 0.9515 0.9449 
118.7000 0.0000 0.7890 0.4016 0.2847 0.9515 0.9449 
118.8000 0.0000 0.7890 0.4016 0.2847 0.9515 0.9449 
118.9000 0.0000 0.7890 0.4016 0.2847 0.9515 0.9449 
119.0000 0.0000 0.7890 0.4016 0.2847 0.9515 0.9449 
119.1000 0.0000 0.7890 0.4016 0.2847 0.9515 0.9449 
119.2000 0.0000 0.7890 0.4016 0.2847 0.9515 0.9449 
119.3000 0.0000 0.7890 0.4016 0.2847 0.9515 0.9449 
119.4000 0.0000 0.7890 0.4016 0.2847 0.9515 0.9449 
119.5000 0.0000 0.7890 0.4016 0.2847 0.9515 0.9449 
119.6000 0.0000 0.7890 0.4016 0.2847 0.9515 0.9449 
119.7000 0.0000 0.7890 0.4016 0.2847 0.9515 0.9449 
119.8000 0.0000 0.7890 0.4016 0.2847 0.9515 0.9449 
119.9000 0.0000 0.7890 0.4016 0.2847 0.9515 0.9449 
120.0000 0.0000 0.7890 0.4016 0.2847 0.9515 0.9449 
120.1000 0.0000 0.7890 0.4016 0.2847 0.9515 0.9450 
120.2000 0.0000 0.7890 0.4016 0.2847 0.9515 0.9450 
120.3000 0.0000 0.7890 0.4016 0.2847 0.9515 0.9450 
120.4000 0.0000 0.7890 0.4016 0.2847 0.9515 0.9450 
120.5000 0.0000 0.7890 0.4016 0.2847 0.9515 0.9450 
120.6000 0.0000 0.7890 0.4016 0.2847 0.9515 0.9450 
120.7000 0.0000 0.7890 0.4016 0.2847 0.9515 0.9450 
120.8000 0.0000 0.7890 0.4016 0.2847 0.9515 0.9450 
120.9000 0.0000 0.7890 0.4016 0.2847 0.9515 0.9450 
121.0000 0.0000 0.7890 0.4016 0.2847 0.9515 0.9450 
121.1000 0.0000 0.7890 0.4016 0.2847 0.9515 0.9450 
121.2000 0.0000 0.7890 0.4016 0.2847 0.9515 0.9450 
121.3000 0.0000 0.7890 0.4016 0.2847 0.9515 0.9450 
121.4000 0.0000 0.7890 0.4016 0.2847 0.9515 0.9450 
121.5000 0.0000 0.7890 0.4016 0.2847 0.9515 0.9450 
121.6000 0.0000 0.7890 0.4016 0.2847 0.9515 0.9450 
121.7000 0.0000 0.7890 0.4016 0.2847 0.9515 0.9450 
121.8000 0.0000 0.7890 0.4016 0.2847 0.9515 0.9450 
121.9000 0.0000 0.7890 0.4016 0.2847 0.9515 0.9450 
122.0000 0.0000 0.7890 0.4016 0.2847 0.9515 0.9450 
122.1000 0.0000 0.7890 0.4016 0.2847 0.9515 0.9450 
122.2000 0.0000 0.7890 0.4016 0.2847 0.9515 0.9450 
122.3000 0.0000 0.7890 0.4016 0.2847 0.9515 0.9450 
122.4000 0.0000 0.7890 0.4016 0.2847 0.9515 0.9450 
122.5000 0.0000 0.7890 0.4016 0.2847 0.9515 0.9450 
122.6000 0.0000 0.7890 0.4016 0.2847 0.9515 0.9450 
122.7000 0.0000 0.7890 0.4016 0.2847 0.9515 0.9450 
122.8000 0.0000 0.7890 0.4016 0.2847 0.9515 0.9450 
122.9000 0.0000 0.7890 0.4016 0.2847 0.9515 0.9450 
123.0000 0.0000 0.7890 0.4016 0.2847 0.9515 0.9450 
123.1000 0.0000 0.7890 0.4016 0.2847 0.9515 0.9450 
123.2000 0.0000 0.7890 0.4016 0.2847 0.9515 0.9450 
123.3000 0.0000 0.7890 0.4016 0.2847 0.9515 0.9450 
123.4000 0.0000 0.7890 0.4016 0.2847 0.9515 0.9450 
123.5000 0.0000 0.7890 0.4016 0.2847 0.9515 0.9450 
123.6000 0.0000 0.7890 0.4016 0.2847 0.9515 0.9450 
123.7000 0.0000 0.7890 0.4016 0.2847 0.9515 0.9450 
123.8000 0.0000 0.7890 0.4016 0.2847 0.9515 0.9450 
123.9000 0.0000 0.7890 0.4016 0.2847 0.9515 0.9450 
124.0000 0.0000 0.7890 0.4016 0.2847 0.9515 0.9450 
124.1000 0.0000 0.7890 0.4016 0.2847 0.9515 0.9450 
124.2000 0.0000 0.7890 0.4016 0.2847 0.9515 0.9450 
124.3000 0.0000 0.7890 0.4016 0.2847 0.9515 0.9450 
124.4000 0.0000 0.7890 0.4016 0.2847 0.9515 0.9450 
124.5000 0.0000 0.7890 0.4016 0.2847 0.9515 0.9450 
124.6000 0.0000 0.7890 0.4016 0.2847 0.9515 0.9450 
124.7000 0.0000 0.7890 0.4016 0.2847 0.9515 0.9450 
124.8000 0.0000 0.7890 0.4016 0.2847 0.9515 0.9450 
124.9000 0.0000 0.7890 0.4016 0.2847 0.9515 0.9450 
125.0000 0.0000 0.7890 0.4016 0.2847 0.9515 0.9450 
125.1000 0.0000 0.7890 0.4016 0.2847 0.9515 0.9450 
125.2000 0.0000 0.7890 0.4016 0.2847 0.9515 0.9450 
125.3000 0.0000 0.7890 0.4016 0.2847 0.9515 0.9450 
125.4000 0.0000 0.7890 0.4016 0.2847 0.9515 0.9450 
125.5000 0.0000 0.7890 0.4016 0.2847 0.9515 0.9450 
125.6000 0.0000 0.7890 0.4016 0.2847 0.9515 0.9450 
125.7000 0.0000 0.7890 0.4016 0.2847 0.9515 0.9450 
125.8000 0.0000 0.7890 0.4016 0.2847 0.9515 0.9450 
125.9000 0.0000 0.7890 0.4016 0.2847 0.9515 0.9450 
126.0000 0.0000 0.7890 0.4016 0.2847 0.9515 0.9450 
126.1000 0.0000 0.7890 0.4016 0.2847 0.9515 0.9450 
126.2000 0.0000 0.7890 0.4016 0.2847 0.9515 0.9450 
126.3000 0.0000 0.7890 0.4016 0.2847 0.9515 0.9450 
126.4000 0.0000 0.7890 0.4016 0.2847 0.9515 0.9450 
126.5000 0.0000 0.7890 0.4016 0.2847 0.9515 0.9450 
126.6000 0.0000 0.7890 0.4016 0.2847 0.9515 0.9450 
126.7000 0.0000 0.7890 0.4016 0.2847 0.9515 0.9450 
126.8000 0.0000 0.7890 0.4016 0.2847 0.9515 0.9450 
126.9000 0.0000 0.7890 0.4016 0.2847 0.9515 0.9450 
127.0000 0.0000 0.7890 0.4016 0.2847 0.9515 0.9450 
127.1000 0.0000 0.7890 0.4016 0.2847 0.9515 0.9450 
127.2000 0.0000 0.7890 0.4016 0.2847 0.9515 0.9450 
127.3000 0.0000 0.7890 0.4016 0.2847 0.9515 0.9450 
127.4000 0.0000 0.7890 0.4016 0.2847 0.9515 0.9450 
127.5000 0.0000 0.7890 0.4016 0.2847 0.9515 0.9450 
127.6000 0.0000 0.7890 0.4016 0.2847 0.9515 0.9450 
127.7000 0.0000 0.7890 0.4016 0.2847 0.9515 0.9450 
127.8000 0.0000 0.7890 0.4016 0.2847 0.9515 0.9450 
127.9000 0.0000 0.7890 0.4016 0.2847 0.9515 0.9450 
128.0000 0.0000 0.7890 0.4016 0.2847 0.9515 0.9450 
128.1000 0.0000 0.7890 0.4016 0.2847 0.9515 0.9450 
128.2000 0.0000 0.7890 0.4016 0.2847 0.9515 0.9450 
128.3000 0.0000 0.7890 0.4016 0.2847 0.9515 0.9450 
128.4000 0.0000 0.7890 0.4016 0.2847 0.9515 0.9450 
128.5000 0.0000 0.7890 0.4016 0.2847 0.9515 0.9450 
128.6000 0.0000 0.7890 0.4016 0.2847 0.9515 0.9450 
128.7000 0.0000 0.7890 0.4016 0.2847 0.9515 0.9450 
128.8000 0.0000 0.7890 0.4016 0.2847 0.9515 0.9450 
128.9000 0.0000 0.7890 0.4016 0.2847 0.9515 0.9450 
129.0000 0.0000 0.7890 0.4016 0.2847 0.9515 0.9450 
129.1000 0.0000 0.7890 0.4016 0.2847 0.9515 0.9450 
129.2000 0.0000 0.7890 0.4016 0.2847 0.9515 0.9450 
129.3000 0.0000 0.7890 0.4016 0.2847 0.9515 0.9450 
129.4000 0.0000 0.7890 0.4016 0.2847 0.9515 0.9450 
129.5000 0.0000 0.7890 0.4016 0.2847 0.9515 0.9450 
129.6000 0.0000 0.7890 0.4016 0.2847 0.9515 0.9450 
129.7000 0.0000 0.7890 0.4016 0.2847 0.9515 0.9450 
129.8000 0.0000 0.7890 0.4016 0.2847 0.9515 0.9450 
129.9000 0.0000 0.7890 0.4016 0.2847 0.9515 0.9450 
130.0000 0.0000 0.7890 0.4016 0.2847 0.9515 0.9450 
130.1000 0.0000 0.7890 0.4016 0.2847 0.9515 0.9450 
130.2000 0.0000 0.7890 0.4016 0.2847 0.9515 0.9450 
130.3000 0.0000 0.7890 0.4016 0.2847 0.9515 0.9450 
130.4000 0.0000 0.7890 0.4016 0.2847 0.9515 0.9450 
130.5000 0.0000 0.7890 0.4016 0.2847 0.9515 0.9450 
130.6000 0.0000 0.7890 0.4016 0.2847 0.9515 0.9450 
130.7000 0.0000 0.7890 0.4016 0.2847 0.9515 0.9450 
130.8000 0.0000 0.7890 0.4016 0.2847 0.9515 0.9450 
130.9000 0.0000 0.7890 0.4016 0.2847 0.9515 0.9450 
131.0000 0.0000 0.7890 0.4016 0.2847 0.9515 0.9450 
131.1000 0.0000 0.7890 0.4016 0.2847 0.9515 0.9450 
131.2000 0.0000 0.7890 0.4016 0.2847 0.9515 0.9450 
131.3000 0.0000 0.7890 0.4016 0.2847 0.9515 0.9450 
131.4000 0.0000 0.7890 0.4016 0.2847 0.9515 0.9450 
131.5000 0.0000 0.7890 0.4016 0.2847 0.9515 0.9450 
131.6000 0.0000 0.7890 0.4016 0.2847 0.9515 0.9450 
131.7000 0.0000 0.7890 0.4016 0.2847 0.9515 0.9450 
131.8000 0.0000 0.7890 0.4016 0.2847 0.9515 0.9450 
131.9000 0.0000 0.7890 0.4016 0.2847 0.9515 0.9450 
132.0000 0.0000 0.7890 0.4016 0.2847 0.9515 0.9450 
132.1000 0.0000 0.7890 0.4016 0.2847 0.9515 0.9450 
132.2000 0.0000 0.7890 0.4016 0.2847 0.9515 0.9450 
132.3000 0.0000 0.7890 0.4016 0.2847 0.9515 0.9450 
132.4000 0.0000 0.7890 0.4016 0.2847 0.9515 0.9450 
132.5000 0.0000 0.7890 0.4016 0.2847 0.9515 0.9450 
132.6000 0.0000 0.7890 0.4016 0.2847 0.9515 0.9450 
132.7000 0.0000 0.7890 0.4016 0.2847 0.9515 0.9450 
132.8000 0.0000 0.7890 0.4016 0.2847 0.9515 0.9450 
132.9000 0.0000 0.7890 0.4016 0.2847 0.9515 0.9450 
133.0000 0.0000 0.7890 0.4016 0.2847 0.9515 0.9450 
133.1000 0.0000 0.7890 0.4016 0.2847 0.9515 0.9450 
133.2000 0.0000 0.7890 0.4016 0.2847 0.9515 0.9450 
133.3000 0.0000 0.7890 0.4016 0.2847 0.9515 0.9450 
133.4000 0.0000 0.7890 0.4016 0.2847 0.9515 0.9450 
133.5000 0.0000 0.7890 0.4016 0.2847 0.9515 0.9450 
133.6000 0.0000 0.7890 0.4016 0.2847 0.9515 0.9450 
133.7000 0.0000 0.7890 0.4016 0.2847 0.9515 0.9450 
133.8000 0.0000 0.7890 0.4016 0.2847 0.9515 0.9450 
133.9000 0.0000 0.7890 0.4016 0.2847 0.9515 0.9450 
134.0000 0.0000 0.7890 0.4016 0.2847 0.9515 0.9450 
134.1000 0.0000 0.7890 0.4016 0.2847 0.9515 0.9450 
134.2000 0.0000 0.7890 0.4016 0.2847 0.9515 0.9450 
134.3000 0.0000 0.7890 0.4016 0.2847 0.9515 0.9450 
134.4000 0.0000 0.7890 0.4016 0.2847 0.9515 0.9450 
134.5000 0.0000 0.7890 0.4016 0.2847 0.9515 0.9450 
134.6000 0.0000 0.7890 0.4016 0.2847 0.9515 0.9450 
134.7000 0.0000 0.7890 0.4016 0.2847 0.9515 0.9450 
134.8000 0.0000 0.7890 0.4016 0.2847 0.9515 0.9450 
134.9000 0.0000 0.7890 0.4016 0.2847 0.9515 0.9450 
135.0000 0.0000 0.7890 0.4016 0.2847 0.9515 0.9450 
135.1000 0.0000 0.7890 0.4016 0.2847 0.9515 0.9450 
135.2000 0.0000 0.7890 0.4016 0.2847 0.9515 0.9450 
135.3000 0.0000 0.7890 0.4016 0.2847 0.9515 0.9450 
135.4000 0.0000 0.7890 0.4016 0.2847 0.9515 0.9450 
135.5000 0.0000 0.7890 0.4016 0.2847 0.9515 0.9450 
135.6000 0.0000 0.7890 0.4016 0.2847 0.9515 0.9450 
135.7000 0.0000 0.7890 0.4016 0.2847 0.9515 0.9450 
135.8000 0.0000 0.7890 0.4016 0.2847 0.9515 0.9450 
135.9000 0.0000 0.7890 0.4016 0.2847 0.9515 0.9450 
136.0000 0.0000 0.7890 0.4016 0.2847 0.9515 0.9450 
136.1000 0.0000 0.7890 0.4016 0.2847 0.9515 0.9450 
136.2000 0.0000 0.7890 0.4016 0.2847 0.9515 0.9450 
136.3000 0.0000 0.7890 0.4016 0.2847 0.9515 0.9450 
136.4000 0.0000 0.7890 0.4016 0.2847 0.9515 0.9450 
136.5000 0.0000 0.7890 0.4016 0.2847 0.9515 0.9450 
136.6000 0.0000 0.7890 0.4016 0.2847 0.9515 0.9450 
136.7000 0.0000 0.7890 0.4016 0.2847 0.9515 0.9450 
136.8000 0.0000 0.7890 0.4016 0.2847 0.9515 0.9450 
136.9000 0.0000 0.7890 0.4016 0.2847 0.9515 0.9450 
137.0000 0.0000 0.7890 0.4016 0.2847 0.9515 0.9450 
137.1000 0.0000 0.7890 0.4016 0.2847 0.9515 0.9450 
137.2000 0.0000 0.7890 0.4016 0.2847 0.9515 0.9450 
137.3000 0.0000 0.7890 0.4016 0.2847 0.9515 0.9450 
137.4000 0.0000 0.7890 0.4016 0.2847 0.9515 0.9450 
137.5000 0.0000 0.7890 0.4016 0.2847 0.9515 0.9450 
137.6000 0.0000 0.7890 0.4016 0.2847 0.9515 0.9450 
137.7000 0.0000 0.7890 0.4016 0.2847 0.9515 0.9450 
137.8000 0.0000 0.7890 0.4016 0.2847 0.9515 0.9450 
137.9000 0.0000 0.7890 0.4016 0.2847 0.9515 0.9450 
138.0000 0.0000 0.7890 0.4016 0.2847 0.9515 0.9450 
138.1000 0.0000 0.7890 0.4016 0.2847 0.9515 0.9450 
138.2000 0.0000 0.7890 0.4016 0.2847 0.9515 0.9450 
138.3000 0.0000 0.7890 0.4016 0.2847 0.9515 0.9450 
138.4000 0.0000 0.7890 0.4016 0.2847 0.9515 0.9450 
138.5000 0.0000 0.7890 0.4016 0.2847 0.9515 0.9450 
138.6000 0.0000 0.7890 0.4016 0.2847 0.9515 0.9450 
138.7000 0.0000 0.7890 0.4016 0.2847 0.9515 0.9450 
138.8000 0.0000 0.7890 0.4016 0.2847 0.9515 0.9450 
138.9000 0.0000 0.7890 0.4016 0.2847 0.9515 0.9450 
139.0000 0.0000 0.7890 0.4016 0.2847 0.9515 0.9450 
139.1000 0.0000 0.7890 0.4016 0.2847 0.9515 0.9450 
139.2000 0.0000 0.7890 0.4016 0.2847 0.9515 0.9450 
139.3000 0.0000 0.7890 0.4016 0.2847 0.9515 0.9450 
139.4000 0.0000 0.7890 0.4016 0.2847 0.9515 0.9450 
139.5000 0.0000 0.7890 0.4016 0.2847 0.9515 0.9450 
139.6000 0.0000 0.7890 0.4016 0.2847 0.9515 0.9450 
139.7000 0.0000 0.7890 0.4016 0.2847 0.9515 0.9450 
139.8000 0.0000 0.7890 0.4016 0.2847 0.9515 0.9450 
139.9000 0.0000 0.7890 0.4016 0.2847 0.9515 0.9450 
140.0000 0.0000 0.7890 0.4016 0.2847 0.9515 0.9450 
140.1000 0.0000 0.7890 0.4016 0.2847 0.9515 0.9450 
140.2000 0.0000 0.7890 0.4016 0.2847 0.9515 0.9450 
140.3000 0.0000 0.7890 0.4016 0.2847 0.9515 0.9450 
140.4000 0.0000 0.7890 0.4016 0.2847 0.9515 0.9450 
140.5000 0.0000 0.7890 0.4016 0.2847 0.9515 0.9450 
140.6000 0.0000 0.7890 0.4016 0.2847 0.9515 0.9450 
140.7000 0.0000 0.7890 0.4016 0.2847 0.9515 0.9450 
140.8000 0.0000 0.7890 0.4016 0.2847 0.9515 0.9450 
140.9000 0.0000 0.7890 0.4016 0.2847 0.9515 0.9450 
141.0000 0.0000 0.7890 0.4016 0.2847 0.9515 0.9450 
141.1000 0.0000 0.7890 0.4016 0.2847 0.9515 0.9450 
141.2000 0.0000 0.7890 0.4016 0.2847 0.9515 0.9450 
141.3000 0.0000 0.7890 0.4016 0.2847 0.9515 0.9450 
141.4000 0.0000 0.7890 0.4016 0.2847 0.9515 0.9450 
141.5000 0.0000 0.7890 0.4016 0.2847 0.9515 0.9450 
141.6000 0.0000 0.7890 0.4016 0.2847 0.9515 0.9450 
141.7000 0.0000 0.7890 0.4016 0.2847 0.9515 0.9450 
141.8000 0.0000 0.7890 0.4016 0.2847 0.9515 0.9450 
141.9000 0.0000 0.7890 0.4016 0.2847 0.9515 0.9450 
142.0000 0.0000 0.7890 0.4016 0.2847 0.9515 0.9450 
142.1000 0.0000 0.7890 0.4016 0.2847 0.9515 0.9450 
142.2000 0.0000 0.7890 0.4016 0.2847 0.9515 0.9450 
142.3000 0.0000 0.7890 0.4016 0.2847 0.9515 0.9450 
142.4000 0.0000 0.7890 0.4016 0.2847 0.9515 0.9450 
142.5000 0.0000 0.7890 0.4016 0.2847 0.9515 0.9450 
142.6000 0.0000 0.7890 0.4016 0.2847 0.9515 0.9450 
142.7000 0.0000 0.7890 0.4016 0.2847 0.9515 0.9450 
142.8000 0.0000 0.7890 0.4016 0.2847 0.9515 0.9450 
142.9000 0.0000 0.7890 0.4016 0.2847 0.9515 0.9450 
143.0000 0.0000 0.7890 0.4016 0.2847 0.9515 0.9450 
143.1000 0.0000 0.7890 0.4016 0.2847 0.9515 0.9450 
143.2000 0.0000 0.7890 0.4016 0.2847 0.9515 0.9450 
143.3000 0.0000 0.7890 0.4016 0.2847 0.9515 0.9450 
143.4000 0.0000 0.7890 0.4016 0.2847 0.9515 0.9450 
143.5000 0.0000 0.7890 0.4016 0.2847 0.9515 0.9450 
143.6000 0.0000 0.7890 0.4016 0.2847 0.9515 0.9450 
143.7000 0.0000 0.7890 0.4016 0.2847 0.9515 0.9450 
143.8000 0.0000 0.7890 0.4016 0.2847 0.9515 0.9450 
143.9000 0.0000 0.7890 0.4016 0.2847 0.9515 0.9450 
144.0000 0.0000 0.7890 0.4016 0.2847 0.9515 0.9450 
144.1000 0.0000 0.7890 0.4016 0.2847 0.9515 0.9450 
144.2000 0.0000 0.7890 0.4016 0.2847 0.9515 0.9450 
144.3000 0.0000 0.7890 0.4016 0.2847 0.9515 0.9450 
144.4000 0.0000 0.7890 0.4016 0.2847 0.9515 0.9450 
144.5000 0.0000 0.7890 0.4016 0.2847 0.9515 0.9450 
144.6000 0.0000 0.7890 0.4016 0.2847 0.9515 0.9450 
144.7000 0.0000 0.7890 0.4016 0.2847 0.9515 0.9450 
144.8000 0.0000 0.7890 0.4016 0.2847 0.9515 0.9450 
144.9000 0.0000 0.7890 0.4016 0.2847 0.9515 0.9450 
145.0000 0.0000 0.7890 0.4016 0.2847 0.9515 0.9450 
145.1000 0.0000 0.7890 0.4016 0.2847 0.9515 0.9450 
145.2000 0.0000 0.7890 0.4016 0.2847 0.9515 0.9450 
145.3000 0.0000 0.7890 0.4016 0.2847 0.9515 0.9450 
145.4000 0.0000 0.7890 0.4016 0.2847 0.9515 0.9450 
145.5000 0.0000 0.7890 0.4016 0.2847 0.9515 0.9450 
145.6000 0.0000 0.7890 0.4016 0.2847 0.9515 0.9450 
145.7000 0.0000 0.7890 0.4016 0.2847 0.9515 0.9450 
145.8000 0.0000 0.7890 0.4016 0.2847 0.9515 0.9450 
145.9000 0.0000 0.7890 0.4016 0.2847 0.9515 0.9450 
146.0000 0.0000 0.7890 0.4016 0.2847 0.9515 0.9450 
146.1000 0.0000 0.7890 0.4016 0.2847 0.9515 0.9450 
146.2000 0.0000 0.7890 0.4016 0.2847 0.9515 0.9450 
146.3000 0.0000 0.7890 0.4016 0.2847 0.9515 0.9450 
146.4000 0.0000 0.7890 0.4016 0.2847 0.9515 0.9450 
146.5000 0.0000 0.7890 0.4016 0.2847 0.9515 0.9450 
146.6000 0.0000 0.7890 0.4016 0.2847 0.9515 0.9450 
146.7000 0.0000 0.7890 0.4016 0.2847 0.9515 0.9450 
146.8000 0.0000 0.7890 0.4016 0.2847 0.9515 0.9450 
146.9000 0.0000 0.7890 0.4016 0.2847 0.9515 0.9450 
147.0000 0.0000 0.7890 0.4016 0.2847 0.9515 0.9450 
147.1000 0.0000 0.7890 0.4016 0.2847 0.9515 0.9450 
147.2000 0.0000 0.7890 0.4016 0.2847 0.9515 0.9450 
147.3000 0.0000 0.7890 0.4016 0.2847 0.9515 0.9450 
147.4000 0.0000 0.7890 0.4016 0.2847 0.9515 0.9450 
147.5000 0.0000 0.7890 0.4016 0.2847 0.9515 0.9450 
147.6000 0.0000 0.7890 0.4016 0.2847 0.9515 0.9450 
147.7000 0.0000 0.7890 0.4016 0.2847 0.9515 0.9450 
147.8000 0.0000 0.7890 0.4016 0.2847 0.9515 0.9450 
147.9000 0.0000 0.7890 0.4016 0.2847 0.9515 0.9450 
148.0000 0.0000 0.7890 0.4016 0.2847 0.9515 0.9450 
148.1000 0.0000 0.7890 0.4016 0.2847 0.9515 0.9450 
148.2000 0.0000 0.7890 0.4016 0.2847 0.9515 0.9450 
148.3000 0.0000 0.7890 0.4016 0.2847 0.9515 0.9450 
148.4000 0.0000 0.7890 0.4016 0.2847 0.9515 0.9450 
148.5000 0.0000 0.7890 0.4016 0.2847 0.9515 0.9450 
148.6000 0.0000 0.7890 0.4016 0.2847 0.9515 0.9450 
148.7000 0.0000 0.7890 0.4016 0.2847 0.9515 0.9450 
148.8000 0.0000 0.7890 0.4016 0.2847 0.9515 0.9450 
148.9000 0.0000 0.7890 0.4016 0.2847 0.9515 0.9450 
149.0000 0.0000 0.7890 0.4016 0.2847 0.9515 0.9450 
149.1000 0.0000 0.7890 0.4016 0.2847 0.9515 0.9450 
149.2000 0.0000 0.7890 0.4016 0.2847 0.9515 0.9450 
149.3000 0.0000 0.7890 0.4016 0.2847 0.9515 0.9450 
149.4000 0.0000 0.7890 0.4016 0.2847 0.9515 0.9450 
149.5000 0.0000 0.7890 0.4016 0.2847 0.9515 0.9450 
149.6000 0.0000 0.7890 0.4016 0.2847 0.9515 0.9450 
149.7000 0.0000 0.7890 0.4016 0.2847 0.9515 0.9450 
149.8000 0.0000 0.7890 0.4016 0.2847 0.9515 0.9450 
149.9000 0.0000 0.7890 0.4016 0.2847 0.9515 0.9450 
150.0000 0.0000 0.7890 0.4016 0.2847 0.9515 0.9450 
150.1000 0.0000 0.7890 0.4016 0.2847 0.9515 0.9450 
150.2000 0.0000 0.7890 0.4016 0.2847 0.9515 0.9450 
150.3000 0.0000 0.7890 0.4016 0.2847 0.9515 0.9450 
150.4000 0.0000 0.7890 0.4016 0.2847 0.9515 0.9450 
150.5000 0.0000 0.7890 0.4016 0.2847 0.9515 0.9450 
150.6000 0.0000 0.7890 0.4016 0.2847 0.9515 0.9450 
150.7000 0.0000 0.7890 0.4016 0.2847 0.9515 0.9450 
150.8000 0.0000 0.7890 0.4016 0.2847 0.9515 0.9450 
150.9000 0.0000 0.7890 0.4016 0.2847 0.9515 0.9450 
151.0000 0.0000 0.7890 0.4016 0.2847 0.9515 0.9450 
151.1000 0.0000 0.7890 0.4016 0.2847 0.9515 0.9450 
151.2000 0.0000 0.7890 0.4016 0.2847 0.9515 0.9450 
151.3000 0.0000 0.7890 0.4016 0.2847 0.9515 0.9450 
151.4000 0.0000 0.7890 0.4016 0.2847 0.9515 0.9450 
151.5000 0.0000 0.7890 0.4016 0.2847 0.9515 0.9450 
151.6000 0.0000 0.7890 0.4016 0.2847 0.9515 0.9450 
151.7000 0.0000 0.7890 0.4016 0.2847 0.9515 0.9450 
151.8000 0.0000 0.7890 0.4016 0.2847 0.9515 0.9450 
151.9000 0.0000 0.7890 0.4016 0.2847 0.9515 0.9450 
152.0000 0.0000 0.7890 0.4016 0.2847 0.9515 0.9450 
152.1000 0.0000 0.7890 0.4016 0.2847 0.9515 0.9450 
152.2000 0.0000 0.7890 0.4016 0.2847 0.9515 0.9450 
152.3000 0.0000 0.7890 0.4016 0.2847 0.9515 0.9450 
152.4000 0.0000 0.7890 0.4016 0.2847 0.9515 0.9450 
152.5000 0.0000 0.7890 0.4016 0.2847 0.9515 0.9450 
152.6000 0.0000 0.7890 0.4016 0.2847 0.9515 0.9450 
152.7000 0.0000 0.7890 0.4016 0.2847 0.9515 0.9450 
152.8000 0.0000 0.7890 0.4016 0.2847 0.9515 0.9450 
152.9000 0.0000 0.7890 0.4016 0.2847 0.9515 0.9450 
153.0000 0.0000 0.7890 0.4016 0.2847 0.9515 0.9450 
153.1000 0.0000 0.7890 0.4016 0.2847 0.9515 0.9450 
153.2000 0.0000 0.7890 0.4016 0.2847 0.9515 0.9450 
153.3000 0.0000 0.7890 0.4016 0.2847 0.9515 0.9450 
153.4000 0.0000 0.7890 0.4016 0.2847 0.9515 0.9450 
153.5000 0.0000 0.7890 0.4016 0.2847 0.9515 0.9450 
153.6000 0.0000 0.7890 0.4016 0.2847 0.9515 0.9450 
153.7000 0.0000 0.7890 0.4016 0.2847 0.9515 0.9450 
153.8000 0.0000 0.7890 0.4016 0.2847 0.9515 0.9450 
153.9000 0.0000 0.7890 0.4016 0.2847 0.9515 0.9450 
154.0000 0.0000 0.7890 0.4016 0.2847 0.9515 0.9450 
154.1000 0.0000 0.7890 0.4016 0.2847 0.9515 0.9450 
154.2000 0.0000 0.7890 0.4016 0.2847 0.9515 0.9450 
154.3000 0.0000 0.7890 0.4016 0.2847 0.9515 0.9450 
154.4000 0.0000 0.7890 0.4016 0.2847 0.9515 0.9450 
154.5000 0.0000 0.7890 0.4016 0.2847 0.9515 0.9450 
154.6000 0.0000 0.7890 0.4016 0.2847 0.9515 0.9450 
154.7000 0.0000 0.7890 0.4016 0.2847 0.9515 0.9450 
154.8000 0.0000 0.7890 0.4016 0.2847 0.9515 0.9450 
154.9000 0.0000 0.7890 0.4016 0.2847 0.9515 0.9450 
155.0000 0.0000 0.7890 0.4016 0.2847 0.9515 0.9450 
155.1000 0.0000 0.7890 0.4016 0.2847 0.9515 0.9450 
155.2000 0.0000 0.7890 0.4016 0.2847 0.9515 0.9450 
155.3000 0.0000 0.7890 0.4016 0.2847 0.9515 0.9450 
155.4000 0.0000 0.7890 0.4016 0.2847 0.9515 0.9450 
155.5000 0.0000 0.7890 0.4016 0.2847 0.9515 0.9450 
155.6000 0.0000 0.7890 0.4016 0.2847 0.9515 0.9450 
155.7000 0.0000 0.7890 0.4016 0.2847 0.9515 0.9450 
155.8000 0.0000 0.7890 0.4016 0.2847 0.9515 0.9450 
155.9000 0.0000 0.7890 0.4016 0.2847 0.9515 0.9450 
156.0000 0.0000 0.7890 0.4016 0.2847 0.9515 0.9450 
156.1000 0.0000 0.7890 0.4016 0.2847 0.9515 0.9450 
156.2000 0.0000 0.7890 0.4016 0.2847 0.9515 0.9450 
156.3000 0.0000 0.7890 0.4016 0.2847 0.9515 0.9450 
156.4000 0.0000 0.7890 0.4016 0.2847 0.9515 0.9450 
156.5000 0.0000 0.7890 0.4016 0.2847 0.9515 0.9450 
156.6000 0.0000 0.7890 0.4016 0.2847 0.9515 0.9450 
156.7000 0.0000 0.7890 0.4016 0.2847 0.9515 0.9450 
156.8000 0.0000 0.7890 0.4016 0.2847 0.9515 0.9450 
156.9000 0.0000 0.7890 0.4016 0.2847 0.9515 0.9450 
157.0000 0.0000 0.7890 0.4016 0.2847 0.9515 0.9450 
157.1000 0.0000 0.7890 0.4016 0.2847 0.9515 0.9450 
157.2000 0.0000 0.7890 0.4016 0.2847 0.9515 0.9450 
157.3000 0.0000 0.7890 0.4016 0.2847 0.9515 0.9450 
157.4000 0.0000 0.7890 0.4016 0.2847 0.9515 0.9450 
157.5000 0.0000 0.7890 0.4016 0.2847 0.9515 0.9450 
157.6000 0.0000 0.7890 0.4016 0.2847 0.9515 0.9450 
157.7000 0.0000 0.7890 0.4016 0.2847 0.9515 0.9450 
157.8000 0.0000 0.7890 0.4016 0.2847 0.9515 0.9450 
157.9000 0.0000 0.7890 0.4016 0.2847 0.9515 0.9450 
158.0000 0.0000 0.7890 0.4016 0.2847 0.9515 0.9450 
158.1000 0.0000 0.7890 0.4016 0.2847 0.9515 0.9450 
158.2000 0.0000 0.7890 0.4016 0.2847 0.9515 0.9450 
158.3000 0.0000 0.7890 0.4016 0.2847 0.9515 0.9450 
158.4000 0.0000 0.7890 0.4016 0.2847 0.9515 0.9450 
158.5000 0.0000 0.7890 0.4016 0.2847 0.9515 0.9450 
158.6000 0.0000 0.7890 0.4016 0.2847 0.9515 0.9450 
158.7000 0.0000 0.7890 0.4016 0.2847 0.9515 0.9450 
158.8000 0.0000 0.7890 0.4016 0.2847 0.9515 0.9450 
158.9000 0.0000 0.7890 0.4016 0.2847 0.9515 0.9450 
159.0000 0.0000 0.7890 0.4016 0.2847 0.9515 0.9450 
159.1000 0.0000 0.7890 0.4016 0.2847 0.9515 0.9450 
159.2000 0.0000 0.7890 0.4016 0.2847 0.9515 0.9450 
159.3000 0.0000 0.7890 0.4016 0.2847 0.9515 0.9450 
159.4000 0.0000 0.7890 0.4016 0.2847 0.9515 0.9450 
159.5000 0.0000 0.7890 0.4016 0.2847 0.9515 0.9450 
159.6000 0.0000 0.7890 0.4016 0.2847 0.9515 0.9450 
159.7000 0.0000 0.7890 0.4016 0.2847 0.9515 0.9450 
159.8000 0.0000 0.7890 0.4016 0.2847 0.9515 0.9450 
159.9000 0.0000 0.7890 0.4016 0.2847 0.9515 0.9450 
160.0000 0.0000 0.7890 0.4016 0.2847 0.9515 0.9450 
160.1000 0.0000 0.7890 0.4016 0.2847 0.9515 0.9450 
160.2000 0.0000 0.7890 0.4016 0.2847 0.9515 0.9450 
160.3000 0.0000 0.7890 0.4016 0.2847 0.9515 0.9450 
160.4000 0.0000 0.7890 0.4016 0.2847 0.9515 0.9450 
160.5000 0.0000 0.7890 0.4016 0.2847 0.9515 0.9450 
160.6000 0.0000 0.7890 0.4016 0.2847 0.9515 0.9450 
160.7000 0.0000 0.7890 0.4016 0.2847 0.9515 0.9450 
160.8000 0.0000 0.7890 0.4016 0.2847 0.9515 0.9450 
160.9000 0.0000 0.7890 0.4016 0.2847 0.9515 0.9450 
161.0000 0.0000 0.7890 0.4016 0.2847 0.9515 0.9450 
161.1000 0.0000 0.7890 0.4016 0.2847 0.9515 0.9450 
161.2000 0.0000 0.7890 0.4016 0.2847 0.9515 0.9450 
161.3000 0.0000 0.7890 0.4016 0.2847 0.9515 0.9450 
161.4000 0.0000 0.7890 0.4016 0.2847 0.9515 0.9450 
161.5000 0.0000 0.7890 0.4016 0.2847 0.9515 0.9450 
161.6000 0.0000 0.7890 0.4016 0.2847 0.9515 0.9450 
161.7000 0.0000 0.7890 0.4016 0.2847 0.9515 0.9450 
161.8000 0.0000 0.7890 0.4016 0.2847 0.9515 0.9450 
161.9000 0.0000 0.7890 0.4016 0.2847 0.9515 0.9450 
162.0000 0.0000 0.7890 0.4016 0.2847 0.9515 0.9450 
162.1000 0.0000 0.7890 0.4016 0.2847 0.9515 0.9450 
162.2000 0.0000 0.7890 0.4016 0.2847 0.9515 0.9450 
162.3000 0.0000 0.7890 0.4016 0.2847 0.9515 0.9450 
162.4000 0.0000 0.7890 0.4016 0.2847 0.9515 0.9450 
162.5000 0.0000 0.7890 0.4016 0.2847 0.9515 0.9450 
162.6000 0.0000 0.7890 0.4016 0.2847 0.9515 0.9450 
162.7000 0.0000 0.7890 0.4016 0.2847 0.9515 0.9450 
162.8000 0.0000 0.7890 0.4016 0.2847 0.9515 0.9450 
162.9000 0.0000 0.7890 0.4016 0.2847 0.9515 0.9450 
163.0000 0.0000 0.7890 0.4016 0.2847 0.9515 0.9450 
163.1000 0.0000 0.7890 0.4016 0.2847 0.9515 0.9450 
163.2000 0.0000 0.7890 0.4016 0.2847 0.9515 0.9450 
163.3000 0.0000 0.7890 0.4016 0.2847 0.9515 0.9450 
163.4000 0.0000 0.7890 0.4016 0.2847 0.9515 0.9450 
163.5000 0.0000 0.7890 0.4016 0.2847 0.9515 0.9450 
163.6000 0.0000 0.7890 0.4016 0.2847 0.9515 0.9450 
163.7000 0.0000 0.7890 0.4016 0.2847 0.9515 0.9450 
163.8000 0.0000 0.7890 0.4016 0.2847 0.9515 0.9450 
163.9000 0.0000 0.7890 0.4016 0.2847 0.9515 0.9450 
164.0000 0.0000 0.7890 0.4016 0.2847 0.9515 0.9450 
164.1000 0.0000 0.7890 0.4016 0.2847 0.9515 0.9450 
164.2000 0.0000 0.7890 0.4016 0.2847 0.9515 0.9450 
164.3000 0.0000 0.7890 0.4016 0.2847 0.9515 0.9450 
164.4000 0.0000 0.7890 0.4016 0.2847 0.9515 0.9450 
164.5000 0.0000 0.7890 0.4016 0.2847 0.9515 0.9450 
164.6000 0.0000 0.7890 0.4016 0.2847 0.9515 0.9450 
164.7000 0.0000 0.7890 0.4016 0.2847 0.9515 0.9450 
164.8000 0.0000 0.7890 0.4016 0.2847 0.9515 0.9450 
164.9000 0.0000 0.7890 0.4016 0.2847 0.9515 0.9450 
165.0000 0.0000 0.7890 0.4016 0.2847 0.9515 0.9450 
165.1000 0.0000 0.7890 0.4016 0.2847 0.9515 0.9450 
165.2000 0.0000 0.7890 0.4016 0.2847 0.9515 0.9450 
165.3000 0.0000 0.7890 0.4016 0.2847 0.9515 0.9450 
165.4000 0.0000 0.7890 0.4016 0.2847 0.9515 0.9450 
165.5000 0.0000 0.7890 0.4016 0.2847 0.9515 0.9450 
165.6000 0.0000 0.7890 0.4016 0.2847 0.9515 0.9450 
165.7000 0.0000 0.7890 0.4016 0.2847 0.9515 0.9450 
165.8000 0.0000 0.7890 0.4016 0.2847 0.9515 0.9450 
165.9000 0.0000 0.7890 0.4016 0.2847 0.9515 0.9450 
166.0000 0.0000 0.7890 0.4016 0.2847 0.9515 0.9450 
166.1000 0.0000 0.7890 0.4016 0.2847 0.9515 0.9450 
166.2000 0.0000 0.7890 0.4016 0.2847 0.9515 0.9450 
166.3000 0.0000 0.7890 0.4016 0.2847 0.9515 0.9450 
166.4000 0.0000 0.7890 0.4016 0.2847 0.9515 0.9450 
166.5000 0.0000 0.7890 0.4016 0.2847 0.9515 0.9450 
166.6000 0.0000 0.7890 0.4016 0.2847 0.9515 0.9450 
166.7000 0.0000 0.7890 0.4016 0.2847 0.9515 0.9450 
166.8000 0.0000 0.7890 0.4016 0.2847 0.9515 0.9450 
166.9000 0.0000 0.7890 0.4016 0.2847 0.9515 0.9450 
167.0000 0.0000 0.7890 0.4016 0.2847 0.9515 0.9450 
167.1000 0.0000 0.7890 0.4016 0.2847 0.9515 0.9450 
167.2000 0.0000 0.7890 0.4016 0.2847 0.9515 0.9450 
167.3000 0.0000 0.7890 0.4016 0.2847 0.9515 0.9450 
167.4000 0.0000 0.7890 0.4016 0.2847 0.9515 0.9450 
167.5000 0.0000 0.7890 0.4016 0.2847 0.9515 0.9450 
167.6000 0.0000 0.7890 0.4016 0.2847 0.9515 0.9450 
167.7000 0.0000 0.7890 0.4016 0.2847 0.9515 0.9450 
167.8000 0.0000 0.7890 0.4016 0.2847 0.9515 0.9450 
167.9000 0.0000 0.7890 0.4016 0.2847 0.9515 0.9450 
168.0000 0.0000 0.7890 0.4016 0.2847 0.9515 0.9450 
168.1000 0.0000 0.7890 0.4016 0.2847 0.9515 0.9450 
168.2000 0.0000 0.7890 0.4016 0.2847 0.9515 0.9450 
168.3000 0.0000 0.7890 0.4016 0.2847 0.9515 0.9450 
168.4000 0.0000 0.7890 0.4016 0.2847 0.9515 0.9450 
168.5000 0.0000 0.7890 0.4016 0.2847 0.9515 0.9450 
168.6000 0.0000 0.7890 0.4016 0.2847 0.9515 0.9450 
168.7000 0.0000 0.7890 0.4016 0.2847 0.9515 0.9450 
168.8000 0.0000 0.7890 0.4016 0.2847 0.9515 0.9450 
168.9000 0.0000 0.7890 0.4016 0.2847 0.9515 0.9450 
169.0000 0.0000 0.7890 0.4016 0.2847 0.9515 0.9450 
169.1000 0.0000 0.7890 0.4016 0.2847 0.9515 0.9450 
169.2000 0.0000 0.7890 0.4016 0.2847 0.9515 0.9450 
169.3000 0.0000 0.7890 0.4016 0.2847 0.9515 0.9450 
169.4000 0.0000 0.7890 0.4016 0.2847 0.9515 0.9450 
169.5000 0.0000 0.7890 0.4016 0.2847 0.9515 0.9450 
169.6000 0.0000 0.7890 0.4016 0.2847 0.9515 0.9450 
169.7000 0.0000 0.7890 0.4016 0.2847 0.9515 0.9450 
169.8000 0.0000 0.7890 0.4016 0.2847 0.9515 0.9450 
169.9000 0.0000 0.7890 0.4016 0.2847 0.9515 0.9450 
170.0000 0.0000 0.7890 0.4016 0.2847 0.9515 0.9450 
170.1000 0.0000 0.7890 0.4016 0.2847 0.9515 0.9450 
170.2000 0.0000 0.7890 0.4016 0.2847 0.9515 0.9450 
170.3000 0.0000 0.7890 0.4016 0.2847 0.9515 0.9450 
170.4000 0.0000 0.7890 0.4016 0.2847 0.9515 0.9450 
170.5000 0.0000 0.7890 0.4016 0.2847 0.9515 0.9450 
170.6000 0.0000 0.7890 0.4016 0.2847 0.9515 0.9450 
170.7000 0.0000 0.7890 0.4016 0.2847 0.9515 0.9450 
170.8000 0.0000 0.7890 0.4016 0.2847 0.9515 0.9450 
170.9000 0.0000 0.7890 0.4016 0.2847 0.9515 0.9450 
171.0000 0.0000 0.7890 0.4016 0.2847 0.9515 0.9450 
171.1000 0.0000 0.7890 0.4016 0.2847 0.9515 0.9450 
171.2000 0.0000 0.7890 0.4016 0.2847 0.9515 0.9450 
171.3000 0.0000 0.7890 0.4016 0.2847 0.9515 0.9450 
171.4000 0.0000 0.7890 0.4016 0.2847 0.9515 0.9450 
171.5000 0.0000 0.7890 0.4016 0.2847 0.9515 0.9450 
171.6000 0.0000 0.7890 0.4016 0.2847 0.9515 0.9450 
171.7000 0.0000 0.7890 0.4016 0.2847 0.9515 0.9450 
171.8000 0.0000 0.7890 0.4016 0.2847 0.9515 0.9450 
171.9000 0.0000 0.7890 0.4016 0.2847 0.9515 0.9450 
172.0000 0.0000 0.7890 0.4016 0.2847 0.9515 0.9450 
172.1000 0.0000 0.7890 0.4016 0.2847 0.9515 0.9450 
172.2000 0.0000 0.7890 0.4016 0.2847 0.9515 0.9450 
172.3000 0.0000 0.7890 0.4016 0.2847 0.9515 0.9450 
172.4000 0.0000 0.7890 0.4016 0.2847 0.9515 0.9450 
172.5000 0.0000 0.7890 0.4016 0.2847 0.9515 0.9450 
172.6000 0.0000 0.7890 0.4016 0.2847 0.9515 0.9450 
172.7000 0.0000 0.7890 0.4016 0.2847 0.9515 0.9450 
172.8000 0.0000 0.7890 0.4016 0.2847 0.9515 0.9450 
172.9000 0.0000 0.7890 0.4016 0.2847 0.9515 0.9450 
173.0000 0.0000 0.7890 0.4016 0.2847 0.9515 0.9450 
173.1000 0.0000 0.7890 0.4016 0.2847 0.9515 0.9450 
173.2000 0.0000 0.7890 0.4016 0.2847 0.9515 0.9450 
173.3000 0.0000 0.7890 0.4016 0.2847 0.9515 0.9450 
173.4000 0.0000 0.7890 0.4016 0.2847 0.9515 0.9450 
173.5000 0.0000 0.7890 0.4016 0.2847 0.9515 0.9450 
173.6000 0.0000 0.7890 0.4016 0.2847 0.9515 0.9450 
173.7000 0.0000 0.7890 0.4016 0.2847 0.9515 0.9450 
173.8000 0.0000 0.7890 0.4016 0.2847 0.9515 0.9450 
173.9000 0.0000 0.7890 0.4016 0.2847 0.9515 0.9450 
174.0000 0.0000 0.7890 0.4016 0.2847 0.9515 0.9450 
174.1000 0.0000 0.7890 0.4016 0.2847 0.9515 0.9450 
174.2000 0.0000 0.7890 0.4016 0.2847 0.9515 0.9450 
174.3000 0.0000 0.7890 0.4016 0.2847 0.9515 0.9450 
174.4000 0.0000 0.7890 0.4016 0.2847 0.9515 0.9450 
174.5000 0.0000 0.7890 0.4016 0.2847 0.9515 0.9450 
174.6000 0.0000 0.7890 0.4016 0.2847 0.9515 0.9450 
174.7000 0.0000 0.7890 0.4016 0.2847 0.9515 0.9450 
174.8000 0.0000 0.7890 0.4016 0.2847 0.9515 0.9450 
174.9000 0.0000 0.7890 0.4016 0.2847 0.9515 0.9450 
175.0000 0.0000 0.7890 0.4016 0.2847 0.9515 0.9450 
175.1000 0.0000 0.7890 0.4016 0.2847 0.9515 0.9450 
175.2000 0.0000 0.7890 0.4016 0.2847 0.9515 0.9450 
175.3000 0.0000 0.7890 0.4016 0.2847 0.9515 0.9450 
175.4000 0.0000 0.7890 0.4016 0.2847 0.9515 0.9450 
175.5000 0.0000 0.7890 0.4016 0.2847 0.9515 0.9450 
175.6000 0.0000 0.7890 0.4016 0.2847 0.9515 0.9450 
175.7000 0.0000 0.7890 0.4016 0.2847 0.9515 0.9450 
175.8000 0.0000 0.7890 0.4016 0.2847 0.9515 0.9450 
175.9000 0.0000 0.7890 0.4016 0.2847 0.9515 0.9450 
176.0000 0.0000 0.7890 0.4016 0.2847 0.9515 0.9450 
176.1000 0.0000 0.7890 0.4016 0.2847 0.9515 0.9450 
176.2000 0.0000 0.7890 0.4016 0.2847 0.9515 0.9450 
176.3000 0.0000 0.7890 0.4016 0.2847 0.9515 0.9450 
176.4000 0.0000 0.7890 0.4016 0.2847 0.9515 0.9450 
176.5000 0.0000 0.7890 0.4016 0.2847 0.9515 0.9450 
176.6000 0.0000 0.7890 0.4016 0.2847 0.9515 0.9450 
176.7000 0.0000 0.7890 0.4016 0.2847 0.9515 0.9450 
176.8000 0.0000 0.7890 0.4016 0.2847 0.9515 0.9450 
176.9000 0.0000 0.7890 0.4016 0.2847 0.9515 0.9450 
177.0000 0.0000 0.7890 0.4016 0.2847 0.9515 0.9450 
177.1000 0.0000 0.7890 0.4016 0.2847 0.9515 0.9450 
177.2000 0.0000 0.7890 0.4016 0.2847 0.9515 0.9450 
177.3000 0.0000 0.7890 0.4016 0.2847 0.9515 0.9450 
177.4000 0.0000 0.7890 0.4016 0.2847 0.9515 0.9450 
177.5000 0.0000 0.7890 0.4016 0.2847 0.9515 0.9450 
177.6000 0.0000 0.7890 0.4016 0.2847 0.9515 0.9450 
177.7000 0.0000 0.7890 0.4016 0.2847 0.9515 0.9450 
177.8000 0.0000 0.7890 0.4016 0.2847 0.9515 0.9450 
177.9000 0.0000 0.7890 0.4016 0.2847 0.9515 0.9450 
178.0000 0.0000 0.7890 0.4016 0.2847 0.9515 0.9450 
178.1000 0.0000 0.7890 0.4016 0.2847 0.9515 0.9450 
178.2000 0.0000 0.7890 0.4016 0.2847 0.9515 0.9450 
178.3000 0.0000 0.7890 0.4016 0.2847 0.9515 0.9450 
178.4000 0.0000 0.7890 0.4016 0.2847 0.9515 0.9450 
178.5000 0.0000 0.7890 0.4016 0.2847 0.9515 0.9450 
178.6000 0.0000 0.7890 0.4016 0.2847 0.9515 0.9450 
178.7000 0.0000 0.7890 0.4016 0.2847 0.9515 0.9450 
178.8000 0.0000 0.7890 0.4016 0.2847 0.9515 0.9450 
178.9000 0.0000 0.7890 0.4016 0.2847 0.9515 0.9450 
179.0000 0.0000 0.7890 0.4016 0.2847 0.9515 0.9450 
179.1000 0.0000 0.7890 0.4016 0.2847 0.9515 0.9450 
179.2000 0.0000 0.7890 0.4016 0.2847 0.9515 0.9450 
179.3000 0.0000 0.7890 0.4016 0.2847 0.9515 0.9450 
179.4000 0.0000 0.7890 0.4016 0.2847 0.9515 0.9450 
179.5000 0.0000 0.7890 0.4016 0.2847 0.9515 0.9450 
179.6000 0.0000 0.7890 0.4016 0.2847 0.9515 0.9450 
179.7000 0.0000 0.7890 0.4016 0.2847 0.9515 0.9450 
179.8000 0.0000 0.7890 0.4016 0.2847 0.9515 0.9450 
179.9000 0.0000 0.7890 0.4016 0.2847 0.9515 0.9450 
180.0000 0.0000 0.7890 0.4016 0.2847 0.9515 0.9450 
180.1000 0.0000 0.7890 0.4016 0.2847 0.9515 0.9450 
180.2000 0.0000 0.7890 0.4016 0.2847 0.9515 0.9450 
180.3000 0.0000 0.7890 0.4016 0.2847 0.9515 0.9450 
180.4000 0.0000 0.7890 0.4016 0.2847 0.9515 0.9450 
180.5000 0.0000 0.7890 0.4016 0.2847 0.9515 0.9450 
180.6000 0.0000 0.7890 0.4016 0.2847 0.9515 0.9450 
180.7000 0.0000 0.7890 0.4016 0.2847 0.9515 0.9450 
180.8000 0.0000 0.7890 0.4016 0.2847 0.9515 0.9450 
180.9000 0.0000 0.7890 0.4016 0.2847 0.9515 0.9450 
181.0000 0.0000 0.7890 0.4016 0.2847 0.9515 0.9450 
181.1000 0.0000 0.7890 0.4016 0.2847 0.9515 0.9450 
181.2000 0.0000 0.7890 0.4016 0.2847 0.9515 0.9450 
181.3000 0.0000 0.7890 0.4016 0.2847 0.9515 0.9450 
181.4000 0.0000 0.7890 0.4016 0.2847 0.9515 0.9450 
181.5000 0.0000 0.7890 0.4016 0.2847 0.9515 0.9450 
181.6000 0.0000 0.7890 0.4016 0.2847 0.9515 0.9450 
181.7000 0.0000 0.7890 0.4016 0.2847 0.9515 0.9450 
181.8000 0.0000 0.7890 0.4016 0.2847 0.9515 0.9450 
181.9000 0.0000 0.7890 0.4016 0.2847 0.9515 0.9450 
182.0000 0.0000 0.7890 0.4016 0.2847 0.9515 0.9450 
182.1000 0.0000 0.7890 0.4016 0.2847 0.9515 0.9450 
182.2000 0.0000 0.7890 0.4016 0.2847 0.9515 0.9450 
182.3000 0.0000 0.7890 0.4016 0.2847 0.9515 0.9450 
182.4000 0.0000 0.7890 0.4016 0.2847 0.9515 0.9450 
182.5000 0.0000 0.7890 0.4016 0.2847 0.9515 0.9450 
182.6000 0.0000 0.7890 0.4016 0.2847 0.9515 0.9450 
182.7000 0.0000 0.7890 0.4016 0.2847 0.9515 0.9450 
182.8000 0.0000 0.7890 0.4016 0.2847 0.9515 0.9450 
182.9000 0.0000 0.7890 0.4016 0.2847 0.9515 0.9450 
183.0000 0.0000 0.7890 0.4016 0.2847 0.9515 0.9450 
183.1000 0.0000 0.7890 0.4016 0.2847 0.9515 0.9450 
183.2000 0.0000 0.7890 0.4016 0.2847 0.9515 0.9450 
183.3000 0.0000 0.7890 0.4016 0.2847 0.9515 0.9450 
183.4000 0.0000 0.7890 0.4016 0.2847 0.9515 0.9450 
183.5000 0.0000 0.7890 0.4016 0.2847 0.9515 0.9450 
183.6000 0.0000 0.7890 0.4016 0.2847 0.9515 0.9450 
183.7000 0.0000 0.7890 0.4016 0.2847 0.9515 0.9450 
183.8000 0.0000 0.7890 0.4016 0.2847 0.9515 0.9450 
183.9000 0.0000 0.7890 0.4016 0.2847 0.9515 0.9450 
184.0000 0.0000 0.7890 0.4016 0.2847 0.9515 0.9450 
184.1000 0.0000 0.7890 0.4016 0.2847 0.9515 0.9450 
184.2000 0.0000 0.7890 0.4016 0.2847 0.9515 0.9450 
184.3000 0.0000 0.7890 0.4016 0.2847 0.9515 0.9450 
184.4000 0.0000 0.7890 0.4016 0.2847 0.9515 0.9450 
184.5000 0.0000 0.7890 0.4016 0.2847 0.9515 0.9450 
184.6000 0.0000 0.7890 0.4016 0.2847 0.9515 0.9450 
184.7000 0.0000 0.7890 0.4016 0.2847 0.9515 0.9450 
184.8000 0.0000 0.7890 0.4016 0.2847 0.9515 0.9450 
184.9000 0.0000 0.7890 0.4016 0.2847 0.9515 0.9450 
185.0000 0.0000 0.7890 0.4016 0.2847 0.9515 0.9450 
