0.0000 0.0000 0.0000 0.0000
0.1000 0.0069 0.0000 0.0142
0.2000 0.0137 0.0002 0.0293
0.3000 0.0205 0.0005 0.0453
0.4000 0.0273 0.0008 0.0619
0.5000 0.0340 0.0013 0.0791
0.6000 0.0408 0.0019 0.0967
0.7000 0.0475 0.0026 0.1147
0.8000 0.0542 0.0034 0.1328
0.9000 0.0609 0.0044 0.1511
1.0000 0.0675 0.0055 0.1693
1.1000 0.0742 0.0067 0.1873
1.2000 0.0808 0.0080 0.2050
1.3000 0.0874 0.0094 0.2223
1.4000 0.0940 0.0110 0.2391
1.5000 0.1006 0.0126 0.2552
1.6000 0.1072 0.0144 0.2706
1.7000 0.1138 0.0163 0.2853
1.8000 0.1203 0.0183 0.2992
1.9000 0.1269 0.0203 0.3123
2.0000 0.1335 0.0225 0.3245
2.1000 0.1400 0.0247 0.3359
2.2000 0.1466 0.0271 0.3464
2.3000 0.1531 0.0295 0.3559
2.4000 0.1597 0.0319 0.3646
2.5000 0.1662 0.0345 0.3724
2.6000 0.1728 0.0370 0.3793
2.7000 0.1793 0.0397 0.3854
2.8000 0.1859 0.0424 0.3905
2.9000 0.1924 0.0451 0.3948
3.0000 0.1990 0.0478 0.3982
3.1000 0.2056 0.0506 0.4007
3.2000 0.2122 0.0534 0.4024
3.3000 0.2189 0.0562 0.4031
3.4000 0.2255 0.0591 0.4031
3.5000 0.2322 0.0619 0.4021
3.6000 0.2389 0.0648 0.4003
3.7000 0.2456 0.0676 0.3977
3.8000 0.2524 0.0704 0.3942
3.9000 0.2591 0.0732 0.3899
4.0000 0.2660 0.0760 0.3848
4.1000 0.2728 0.0788 0.3788
4.2000 0.2797 0.0815 0.3720
4.3000 0.2866 0.0841 0.3643
4.4000 0.2936 0.0868 0.3559
4.5000 0.3006 0.0893 0.3467
4.6000 0.3077 0.0919 0.3368
4.7000 0.3148 0.0943 0.3263
4.8000 0.3219 0.0967 0.3150
4.9000 0.3291 0.0990 0.3032
5.0000 0.3363 0.1012 0.2908
5.1000 0.3436 0.1033 0.2779
5.2000 0.3509 0.1053 0.2645
5.3000 0.3582 0.1073 0.2506
5.4000 0.3656 0.1091 0.2364
5.5000 0.3730 0.1108 0.2218
5.6000 0.3804 0.1124 0.2070
5.7000 0.3879 0.1140 0.1918
5.8000 0.3954 0.1153 0.1765
5.9000 0.4029 0.1166 0.1611
6.0000 0.4105 0.1178 0.1457
6.1000 0.4180 0.1188 0.1303
6.2000 0.4256 0.1198 0.1151
6.3000 0.4332 0.1206 0.1001
6.4000 0.4408 0.1213 0.0856
6.5000 0.4483 0.1219 0.0715
6.6000 0.4559 0.1224 0.0580
6.7000 0.4634 0.1228 0.0451
6.8000 0.4710 0.1231 0.0329
6.9000 0.4785 0.1233 0.0216
7.0000 0.4860 0.1234 0.0111
7.1000 0.4935 0.1234 0.0015
7.2000 0.5009 0.1234 6.2762
7.3000 0.5083 0.1233 6.2687
7.4000 0.5157 0.1232 6.2624
7.5000 0.5231 0.1230 6.2573
7.6000 0.5304 0.1228 6.2535
7.7000 0.5377 0.1226 6.2509
7.8000 0.5449 0.1224 6.2497
7.9000 0.5521 0.1221 6.2499
8.0000 0.5593 0.1219 6.2514
8.1000 0.5665 0.1217 6.2544
8.2000 0.5736 0.1215 6.2589
8.3000 0.5806 0.1213 6.2648
8.4000 0.5876 0.1212 6.2722
8.5000 0.5946 0.1212 6.2810
8.6000 0.6016 0.1212 0.0081
8.7000 0.6085 0.1213 0.0198
8.8000 0.6153 0.1215 0.0328
8.9000 0.6222 0.1218 0.0472
9.0000 0.6290 0.1221 0.0628
9.1000 0.6357 0.1226 0.0797
9.2000 0.6424 0.1232 0.0977
9.3000 0.6491 0.1239 0.1168
9.4000 0.6557 0.1248 0.1370
9.5000 0.6623 0.1258 0.1581
9.6000 0.6689 0.1269 0.1803
9.7000 0.6753 0.1281 0.2035
9.8000 0.6818 0.1295 0.2276
9.9000 0.6881 0.1311 0.2525
10.0000 0.6944 0.1328 0.2784
10.1000 0.7007 0.1347 0.3050
10.2000 0.7068 0.1367 0.3324
10.3000 0.7129 0.1389 0.3605
10.4000 0.7189 0.1413 0.3893
10.5000 0.7248 0.1438 0.4186
10.6000 0.7307 0.1465 0.4485
10.7000 0.7364 0.1494 0.4788
10.8000 0.7420 0.1524 0.5093
10.9000 0.7476 0.1556 0.5399
11.0000 0.7530 0.1590 0.5705
11.1000 0.7584 0.1625 0.6011
11.2000 0.7636 0.1662 0.6314
11.3000 0.7687 0.1701 0.6614
11.4000 0.7737 0.1741 0.6911
11.5000 0.7786 0.1783 0.7204
11.6000 0.7834 0.1826 0.7492
11.7000 0.7881 0.1871 0.7775
11.8000 0.7926 0.1917 0.8051
11.9000 0.7971 0.1965 0.8321
12.0000 0.8014 0.2013 0.8583
12.1000 0.8056 0.2063 0.8838
12.2000 0.8097 0.2115 0.9086
12.3000 0.8137 0.2167 0.9327
12.4000 0.8175 0.2220 0.9562
12.5000 0.8213 0.2275 0.9790
12.6000 0.8249 0.2330 1.0013
12.7000 0.8284 0.2386 1.0229
12.8000 0.8318 0.2443 1.0439
12.9000 0.8351 0.2501 1.0643
13.0000 0.8383 0.2560 1.0842
13.1000 0.8414 0.2620 1.1035
13.2000 0.8444 0.2680 1.1223
13.3000 0.8472 0.2741 1.1407
13.4000 0.8500 0.2802 1.1587
13.5000 0.8526 0.2864 1.1764
13.6000 0.8552 0.2927 1.1938
13.7000 0.8576 0.2990 1.2111
13.8000 0.8599 0.3053 1.2283
13.9000 0.8621 0.3117 1.2455
14.0000 0.8642 0.3181 1.2627
14.1000 0.8662 0.3246 1.2801
14.2000 0.8681 0.3311 1.2976
14.3000 0.8699 0.3376 1.3153
14.4000 0.8715 0.3441 1.3333
14.5000 0.8730 0.3507 1.3517
14.6000 0.8744 0.3572 1.3706
14.7000 0.8757 0.3638 1.3899
14.8000 0.8768 0.3704 1.4098
14.9000 0.8778 0.3770 1.4304
15.0000 0.8787 0.3836 1.4516
15.1000 0.8794 0.3902 1.4737
15.2000 0.8800 0.3967 1.4967
15.3000 0.8804 0.4033 1.5206
15.4000 0.8806 0.4098 1.5457
15.5000 0.8807 0.4164 1.5718
15.6000 0.8806 0.4228 1.5993
15.7000 0.8803 0.4293 1.6281
15.8000 0.8799 0.4357 1.6586
15.9000 0.8792 0.4420 1.6908
16.0000 0.8784 0.4483 1.7249
16.1000 0.8773 0.4544 1.7609
16.2000 0.8760 0.4605 1.7989
16.3000 0.8745 0.4665 1.8388
16.4000 0.8727 0.4723 1.8807
16.5000 0.8708 0.4780 1.9246
16.6000 0.8686 0.4836 1.9705
16.7000 0.8661 0.4890 2.0187
16.8000 0.8635 0.4942 2.0695
16.9000 0.8606 0.4992 2.1233
17.0000 0.8574 0.5040 2.1804
17.1000 0.8541 0.5085 2.2410
17.2000 0.8505 0.5127 2.3056
17.3000 0.8468 0.5166 2.3746
17.4000 0.8429 0.5201 2.4482
17.5000 0.8388 0.5232 2.5267
17.6000 0.8346 0.5259 2.6105
17.7000 0.8303 0.5282 2.6997
17.8000 0.8260 0.5300 2.7947
17.9000 0.8216 0.5313 2.8962
18.0000 0.8174 0.5321 3.0046
18.1000 0.8132 0.5325 3.1197
18.2000 0.8092 0.5323 3.2409
18.3000 0.8054 0.5317 3.3674
18.4000 0.8018 0.5306 3.4979
18.5000 0.7985 0.5291 3.6315
18.6000 0.7954 0.5272 3.7669
18.7000 0.7926 0.5249 3.9033
18.8000 0.7902 0.5222 4.0398
18.9000 0.7881 0.5192 4.1755
19.0000 0.7865 0.5160 4.3096
19.1000 0.7853 0.5125 4.4416
19.2000 0.7845 0.5088 4.5710
19.3000 0.7842 0.5049 4.6976
19.4000 0.7844 0.5010 4.8213
19.5000 0.7850 0.4970 4.9418
19.6000 0.7862 0.4931 5.0589
19.7000 0.7879 0.4893 5.1735
19.8000 0.7899 0.4856 5.2870
19.9000 0.7924 0.4822 5.4005
20.0000 0.7952 0.4791 5.5149
20.1000 0.7984 0.4765 5.6314
20.2000 0.8017 0.4742 5.7504
20.3000 0.8053 0.4724 5.8726
20.4000 0.8089 0.4711 5.9986
20.5000 0.8126 0.4703 6.1293
20.6000 0.8162 0.4699 6.2647
20.7000 0.8197 0.4701 0.1207
20.8000 0.8231 0.4708 0.2628
20.9000 0.8263 0.4719 0.4067
21.0000 0.8293 0.4734 0.5517
21.1000 0.8320 0.4754 0.6973
21.2000 0.8344 0.4777 0.8425
21.3000 0.8365 0.4804 0.9866
21.4000 0.8381 0.4834 1.1296
21.5000 0.8394 0.4866 1.2717
21.6000 0.8402 0.4900 1.4131
21.7000 0.8405 0.4934 1.5545
21.8000 0.8403 0.4969 1.6967
21.9000 0.8396 0.5002 1.8404
22.0000 0.8385 0.5034 1.9858
22.1000 0.8369 0.5063 2.1331
22.2000 0.8350 0.5089 2.2833
22.3000 0.8328 0.5111 2.4373
22.4000 0.8304 0.5128 2.5959
22.5000 0.8278 0.5141 2.7598
22.6000 0.8252 0.5149 2.9293
22.7000 0.8227 0.5152 3.1053
22.8000 0.8203 0.5151 3.2876
22.9000 0.8181 0.5146 3.4749
23.0000 0.8162 0.5137 3.6656
23.1000 0.8145 0.5124 3.8583
23.2000 0.8130 0.5109 4.0516
23.3000 0.8119 0.5092 4.2445
23.4000 0.8111 0.5072 4.4359
23.5000 0.8107 0.5050 4.6252
23.6000 0.8107 0.5027 4.8118
23.7000 0.8112 0.5005 4.9956
23.8000 0.8121 0.4982 5.1760
23.9000 0.8134 0.4961 5.3542
24.0000 0.8150 0.4942 5.5318
24.1000 0.8170 0.4927 5.7106
24.2000 0.8191 0.4916 5.8915
24.3000 0.8213 0.4909 6.0757
24.4000 0.8235 0.4906 6.2642
24.5000 0.8256 0.4908 0.1734
24.6000 0.8276 0.4913 0.3684
24.7000 0.8294 0.4923 0.5647
24.8000 0.8310 0.4935 0.7615
24.9000 0.8323 0.4950 0.9577
25.0000 0.8333 0.4968 1.1527
25.1000 0.8339 0.4987 1.3466
25.2000 0.8342 0.5008 1.5398
25.3000 0.8341 0.5029 1.7333
25.4000 0.8335 0.5048 1.9281
25.5000 0.8327 0.5066 2.1243
25.6000 0.8315 0.5082 2.3227
25.7000 0.8301 0.5094 2.5244
25.8000 0.8286 0.5103 2.7305
25.9000 0.8270 0.5108 2.9415
26.0000 0.8256 0.5109 3.1581
26.1000 0.8242 0.5107 3.3804
26.2000 0.8231 0.5103 3.6068
26.3000 0.8222 0.5097 3.8355
26.4000 0.8214 0.5089 4.0651
26.5000 0.8208 0.5079 4.2943
26.6000 0.8205 0.5068 4.5222
26.7000 0.8204 0.5056 4.7479
26.8000 0.8205 0.5043 4.9712
26.9000 0.8210 0.5030 5.1915
27.0000 0.8218 0.5018 5.4093
27.1000 0.8229 0.5008 5.6265
27.2000 0.8241 0.5001 5.8451
27.3000 0.8254 0.4996 6.0659
27.4000 0.8266 0.4995 0.0071
27.5000 0.8278 0.4997 0.2350
27.6000 0.8288 0.5000 0.4650
27.7000 0.8297 0.5006 0.6959
27.8000 0.8305 0.5014 0.9266
27.9000 0.8310 0.5024 1.1561
28.0000 0.8314 0.5035 1.3845
28.1000 0.8315 0.5047 1.6123
28.2000 0.8313 0.5058 1.8404
28.3000 0.8309 0.5068 2.0696
28.4000 0.8302 0.5077 2.3004
28.5000 0.8295 0.5084 2.5337
28.6000 0.8287 0.5088 2.7709
28.7000 0.8279 0.5090 3.0124
28.8000 0.8272 0.5090 3.2592
28.9000 0.8267 0.5089 3.5104
29.0000 0.8263 0.5087 3.7646
29.1000 0.8259 0.5084 4.0199
29.2000 0.8257 0.5080 4.2753
29.3000 0.8256 0.5076 4.5295
29.4000 0.8255 0.5071 4.7818
29.5000 0.8257 0.5065 5.0319
29.6000 0.8259 0.5059 5.2792
29.7000 0.8264 0.5054 5.5247
29.8000 0.8269 0.5049 5.7702
29.9000 0.8275 0.5047 6.0172
30.0000 0.8281 0.5046 6.2670
30.1000 0.8286 0.5047 0.2368
30.2000 0.8290 0.5048 0.4919
30.3000 0.8294 0.5051 0.7476
30.4000 0.8297 0.5054 1.0030
30.5000 0.8299 0.5058 1.2572
30.6000 0.8300 0.5063 1.5105
30.7000 0.8299 0.5068 1.7635
30.8000 0.8298 0.5073 2.0173
30.9000 0.8295 0.5076 2.2720
31.0000 0.8292 0.5079 2.5289
31.1000 0.8290 0.5081 2.7891
31.2000 0.8288 0.5081 3.0531
31.3000 0.8287 0.5081 3.3217
31.4000 0.8287 0.5081 3.5941
31.5000 0.8287 0.5081 3.8686
31.6000 0.8288 0.5082 4.1437
31.7000 0.8288 0.5083 4.4185
31.8000 0.8288 0.5083 4.6918
31.9000 0.8288 0.5083 4.9631
32.0000 0.8289 0.5082 5.2322
32.1000 0.8289 0.5081 5.4991
32.2000 0.8291 0.5080 5.7656
32.3000 0.8292 0.5080 6.0332
32.4000 0.8292 0.5080 0.0201
32.5000 0.8292 0.5080 0.2930
32.6000 0.8291 0.5080 0.5674
32.7000 0.8291 0.5079 0.8422
32.8000 0.8290 0.5079 1.1164
32.9000 0.8290 0.5078 1.3896
33.0000 0.8290 0.5078 1.6621
33.1000 0.8290 0.5078 1.9348
33.2000 0.8290 0.5077 2.2083
33.3000 0.8291 0.5077 2.4832
33.4000 0.8292 0.5076 2.7608
33.5000 0.8295 0.5076 3.0417
33.6000 0.8298 0.5076 3.3265
33.7000 0.8302 0.5077 3.6147
33.8000 0.8306 0.5080 3.9047
33.9000 0.8309 0.5084 4.1953
34.0000 0.8311 0.5088 4.4852
34.1000 0.8311 0.5093 4.7738
34.2000 0.8310 0.5096 5.0606
34.3000 0.8309 0.5099 5.3451
34.4000 0.8307 0.5101 5.6283
34.5000 0.8304 0.5103 5.9118
34.6000 0.8301 0.5104 6.1967
34.7000 0.8296 0.5104 0.2011
34.8000 0.8292 0.5102 0.4905
34.9000 0.8288 0.5099 0.7805
35.0000 0.8285 0.5095 1.0701
35.1000 0.8284 0.5091 1.3588
35.2000 0.8284 0.5087 1.6467
35.3000 0.8284 0.5083 1.9347
35.4000 0.8287 0.5079 2.2234
35.5000 0.8290 0.5076 2.5133
35.6000 0.8295 0.5073 2.8055
35.7000 0.8301 0.5072 3.1008
35.8000 0.8308 0.5073 3.3996
35.9000 0.8315 0.5076 3.7011
36.0000 0.8321 0.5081 4.0039
36.1000 0.8326 0.5088 4.3068
36.2000 0.8328 0.5096 4.6089
36.3000 0.8327 0.5103 4.9095
36.4000 0.8325 0.5110 5.2084
36.5000 0.8321 0.5115 5.5051
36.6000 0.8316 0.5119 5.8014
36.7000 0.8309 0.5121 6.0985
36.8000 0.8302 0.5122 0.1143
36.9000 0.8295 0.5120 0.4153
37.0000 0.8288 0.5115 0.7171
37.1000 0.8283 0.5109 1.0188
37.2000 0.8280 0.5102 1.3196
37.3000 0.8279 0.5095 1.6197
37.4000 0.8281 0.5088 1.9196
37.5000 0.8284 0.5081 2.2202
37.6000 0.8290 0.5075 2.5218
37.7000 0.8298 0.5072 2.8254
37.8000 0.8306 0.5070 3.1317
37.9000 0.8316 0.5072 3.4411
38.0000 0.8326 0.5076 3.7528
38.1000 0.8334 0.5084 4.0655
38.2000 0.8339 0.5093 4.3781
38.3000 0.8340 0.5104 4.6898
38.4000 0.8339 0.5114 5.0001
38.5000 0.8335 0.5122 5.3088
38.6000 0.8329 0.5129 5.6159
38.7000 0.8320 0.5134 5.9230
38.8000 0.8311 0.5136 6.2313
38.9000 0.8301 0.5135 0.2584
39.0000 0.8291 0.5131 0.5700
39.1000 0.8283 0.5123 0.8819
39.2000 0.8278 0.5114 1.1933
39.3000 0.8276 0.5104 1.5039
39.4000 0.8277 0.5094 1.8140
39.5000 0.8281 0.5085 2.1246
39.6000 0.8287 0.5077 2.4358
39.7000 0.8297 0.5071 2.7485
39.8000 0.8308 0.5069 3.0635
39.9000 0.8320 0.5070 3.3811
40.0000 0.8332 0.5075 3.7010
40.1000 0.8341 0.5083 4.0219
40.2000 0.8348 0.5094 4.3429
40.3000 0.8350 0.5107 4.6632
40.4000 0.8349 0.5119 4.9822
40.5000 0.8344 0.5130 5.2998
40.6000 0.8336 0.5139 5.6159
40.7000 0.8326 0.5145 5.9319
40.8000 0.8314 0.5147 6.2489
40.9000 0.8302 0.5145 0.2846
41.0000 0.8290 0.5140 0.6046
41.1000 0.8281 0.5131 0.9247
41.2000 0.8275 0.5120 1.2443
41.3000 0.8273 0.5108 1.5632
41.4000 0.8275 0.5095 1.8817
41.5000 0.8281 0.5084 2.2007
41.6000 0.8290 0.5075 2.5204
41.7000 0.8301 0.5069 2.8417
41.8000 0.8315 0.5068 3.1650
41.9000 0.8329 0.5070 3.4908
42.0000 0.8342 0.5077 3.8182
42.1000 0.8352 0.5089 4.1462
42.2000 0.8357 0.5102 4.4740
42.3000 0.8358 0.5117 4.8010
42.4000 0.8355 0.5130 5.1267
42.5000 0.8347 0.5142 5.4510
42.6000 0.8337 0.5151 5.7745
42.7000 0.8324 0.5155 6.0985
42.8000 0.8310 0.5156 0.1406
42.9000 0.8296 0.5151 0.4672
43.0000 0.8284 0.5143 0.7942
43.1000 0.8276 0.5131 1.1209
43.2000 0.8271 0.5117 1.4470
43.3000 0.8272 0.5103 1.7726
43.4000 0.8277 0.5089 2.0984
43.5000 0.8286 0.5078 2.4246
43.6000 0.8299 0.5071 2.7519
43.7000 0.8314 0.5067 3.0810
43.8000 0.8329 0.5069 3.4122
43.9000 0.8344 0.5076 3.7452
44.0000 0.8356 0.5087 4.0788
44.1000 0.8363 0.5102 4.4125
44.2000 0.8365 0.5118 4.7454
44.3000 0.8362 0.5133 5.0773
44.4000 0.8354 0.5147 5.4079
44.5000 0.8342 0.5157 5.7376
44.6000 0.8328 0.5162 6.0676
44.7000 0.8312 0.5163 0.1155
44.8000 0.8297 0.5159 0.4478
44.9000 0.8284 0.5149 0.7806
45.0000 0.8275 0.5136 1.1132
45.1000 0.8270 0.5121 1.4451
45.2000 0.8271 0.5105 1.7767
45.3000 0.8276 0.5091 2.1083
45.4000 0.8287 0.5078 2.4404
45.5000 0.8301 0.5070 2.7734
45.6000 0.8317 0.5067 3.1080
45.7000 0.8334 0.5069 3.4446
45.8000 0.8349 0.5077 3.7827
45.9000 0.8362 0.5090 4.1213
46.0000 0.8369 0.5106 4.4598
46.1000 0.8370 0.5123 4.7976
46.2000 0.8366 0.5140 5.1345
46.3000 0.8357 0.5154 5.4701
46.4000 0.8343 0.5164 5.8051
46.5000 0.8327 0.5169 6.1405
46.6000 0.8310 0.5169 0.1937
46.7000 0.8294 0.5163 0.5312
46.8000 0.8281 0.5151 0.8689
46.9000 0.8272 0.5137 1.2062
47.0000 0.8268 0.5120 1.5430
47.1000 0.8271 0.5103 1.8795
47.2000 0.8279 0.5087 2.2162
47.3000 0.8291 0.5076 2.5534
47.4000 0.8307 0.5068 2.8918
47.5000 0.8325 0.5067 3.2317
47.6000 0.8343 0.5072 3.5733
47.7000 0.8359 0.5082 3.9159
47.8000 0.8370 0.5098 4.2588
47.9000 0.8375 0.5116 4.6013
48.0000 0.8374 0.5134 4.9430
48.1000 0.8366 0.5151 5.2838
48.2000 0.8354 0.5164 5.6235
48.3000 0.8339 0.5172 5.9630
48.4000 0.8321 0.5175 0.0200
48.5000 0.8303 0.5172 0.3613
48.6000 0.8287 0.5162 0.7032
48.7000 0.8275 0.5148 1.0451
48.8000 0.8268 0.5131 1.3865
48.9000 0.8268 0.5112 1.7275
49.0000 0.8274 0.5095 2.0684
49.1000 0.8285 0.5081 2.4096
49.2000 0.8301 0.5071 2.7516
49.3000 0.8319 0.5067 3.0948
49.4000 0.8339 0.5069 3.4396
49.5000 0.8356 0.5078 3.7856
49.6000 0.8370 0.5092 4.1320
49.7000 0.8377 0.5111 4.4784
49.8000 0.8379 0.5130 4.8241
49.9000 0.8373 0.5149 5.1691
50.0000 0.8362 0.5164 5.5129
50.1000 0.8346 0.5175 5.8564
50.2000 0.8328 0.5180 6.2002
50.3000 0.8309 0.5178 0.2618
50.4000 0.8291 0.5170 0.6073
50.5000 0.8277 0.5156 0.9529
50.6000 0.8269 0.5138 1.2981
50.7000 0.8267 0.5119 1.6428
50.8000 0.8271 0.5100 1.9874
50.9000 0.8282 0.5084 2.3323
51.0000 0.8298 0.5073 2.6776
51.1000 0.8317 0.5067 3.0241
51.2000 0.8337 0.5068 3.3719
51.3000 0.8356 0.5076 3.7209
51.4000 0.8371 0.5090 4.0705
51.5000 0.8380 0.5109 4.4200
51.6000 0.8382 0.5129 4.7690
51.7000 0.8378 0.5149 5.1174
51.8000 0.8367 0.5166 5.4648
51.9000 0.8351 0.5177 5.8117
52.0000 0.8332 0.5183 6.1588
52.1000 0.8312 0.5182 0.2236
52.2000 0.8293 0.5174 0.5722
52.3000 0.8278 0.5161 0.9209
52.4000 0.8269 0.5143 1.2694
52.5000 0.8266 0.5123 1.6174
52.6000 0.8270 0.5103 1.9652
52.7000 0.8281 0.5086 2.3132
52.8000 0.8297 0.5074 2.6617
52.9000 0.8317 0.5067 3.0112
53.0000 0.8338 0.5068 3.3618
53.1000 0.8357 0.5076 3.7136
53.2000 0.8373 0.5091 4.0659
53.3000 0.8383 0.5110 4.4181
53.4000 0.8385 0.5131 4.7700
53.5000 0.8380 0.5151 5.1211
53.6000 0.8369 0.5169 5.4714
53.7000 0.8352 0.5181 5.8213
53.8000 0.8332 0.5187 6.1714
53.9000 0.8311 0.5186 0.2390
54.0000 0.8292 0.5177 0.5904
54.1000 0.8277 0.5162 0.9420
54.2000 0.8268 0.5144 1.2932
54.3000 0.8266 0.5123 1.6440
54.4000 0.8271 0.5102 1.9947
54.5000 0.8283 0.5085 2.3455
54.6000 0.8300 0.5073 2.6968
54.7000 0.8320 0.5067 3.0490
54.8000 0.8342 0.5069 3.4023
54.9000 0.8361 0.5078 3.7566
55.0000 0.8377 0.5094 4.1113
55.1000 0.8386 0.5114 4.4660
55.2000 0.8387 0.5136 4.8201
55.3000 0.8381 0.5157 5.1737
55.4000 0.8369 0.5174 5.5265
55.5000 0.8351 0.5185 5.8789
55.6000 0.8330 0.5190 6.2316
55.7000 0.8308 0.5188 0.3018
55.8000 0.8289 0.5178 0.6557
55.9000 0.8274 0.5161 1.0097
56.0000 0.8266 0.5141 1.3633
56.1000 0.8266 0.5120 1.7165
56.2000 0.8272 0.5099 2.0697
56.3000 0.8286 0.5083 2.4231
56.4000 0.8305 0.5071 2.7770
56.5000 0.8326 0.5067 3.1317
56.6000 0.8348 0.5071 3.4875
56.7000 0.8368 0.5082 3.8441
56.8000 0.8382 0.5100 4.2009
56.9000 0.8389 0.5121 4.5576
57.0000 0.8389 0.5143 4.9138
57.1000 0.8381 0.5164 5.2694
57.2000 0.8366 0.5180 5.6242
57.3000 0.8346 0.5190 5.9789
57.4000 0.8324 0.5193 0.0507
57.5000 0.8303 0.5188 0.4065
57.6000 0.8284 0.5176 0.7625
57.7000 0.8271 0.5158 1.1185
57.8000 0.8265 0.5136 1.4741
57.9000 0.8267 0.5114 1.8295
58.0000 0.8276 0.5094 2.1849
58.1000 0.8292 0.5079 2.5405
58.2000 0.8312 0.5069 2.8968
58.3000 0.8335 0.5068 3.2538
58.4000 0.8357 0.5074 3.6119
58.5000 0.8375 0.5088 3.9705
58.6000 0.8387 0.5108 4.3291
58.7000 0.8392 0.5130 4.6875
58.8000 0.8388 0.5153 5.0454
58.9000 0.8377 0.5172 5.4026
59.0000 0.8360 0.5187 5.7594
59.1000 0.8339 0.5195 6.1162
59.2000 0.8316 0.5194 0.1904
59.3000 0.8295 0.5186 0.5482
59.4000 0.8278 0.5171 0.9062
59.5000 0.8267 0.5151 1.2639
59.6000 0.8265 0.5128 1.6213
59.7000 0.8270 0.5106 1.9786
59.8000 0.8282 0.5087 2.3359
59.9000 0.8301 0.5074 2.6936
60.0000 0.8323 0.5068 3.0520
60.1000 0.8346 0.5070 3.4113
60.2000 0.8367 0.5080 3.7713
60.3000 0.8383 0.5097 4.1316
60.4000 0.8392 0.5119 4.4918
60.5000 0.8393 0.5142 4.8516
60.6000 0.8386 0.5164 5.2109
60.7000 0.8371 0.5182 5.5696
60.8000 0.8352 0.5194 5.9281
60.9000 0.8329 0.5198 0.0036
61.0000 0.8306 0.5193 0.3630
61.1000 0.8286 0.5181 0.7226
61.2000 0.8272 0.5163 1.0822
61.3000 0.8265 0.5141 1.4415
61.4000 0.8266 0.5118 1.8005
61.5000 0.8275 0.5097 2.1596
61.6000 0.8291 0.5080 2.5188
61.7000 0.8312 0.5070 2.8785
61.8000 0.8336 0.5068 3.2389
61.9000 0.8358 0.5075 3.6001
62.0000 0.8378 0.5089 3.9618
62.1000 0.8390 0.5109 4.3236
62.2000 0.8395 0.5132 4.6851
62.3000 0.8392 0.5156 5.0462
62.4000 0.8380 0.5176 5.4068
62.5000 0.8362 0.5191 5.7669
62.6000 0.8340 0.5199 6.1271
62.7000 0.8317 0.5198 0.2046
62.8000 0.8295 0.5189 0.5656
62.9000 0.8277 0.5173 0.9268
63.0000 0.8267 0.5152 1.2877
63.1000 0.8264 0.5129 1.6483
63.2000 0.8270 0.5106 2.0088
63.3000 0.8284 0.5087 2.3694
63.4000 0.8303 0.5074 2.7304
63.5000 0.8327 0.5068 3.0919
63.6000 0.8350 0.5071 3.4541
63.7000 0.8372 0.5083 3.8170
63.8000 0.8387 0.5101 4.1801
63.9000 0.8396 0.5124 4.5430
64.0000 0.8395 0.5148 4.9056
64.1000 0.8387 0.5170 5.2678
64.2000 0.8371 0.5188 5.6294
64.3000 0.8350 0.5199 5.9908
64.4000 0.8326 0.5201 0.0694
64.5000 0.8303 0.5195 0.4316
64.6000 0.8283 0.5181 0.7940
64.7000 0.8270 0.5162 1.1563
64.8000 0.8264 0.5138 1.5183
64.9000 0.8267 0.5115 1.8802
65.0000 0.8278 0.5094 2.2422
65.1000 0.8296 0.5078 2.6043
65.2000 0.8319 0.5069 2.9669
65.3000 0.8343 0.5070 3.3301
65.4000 0.8366 0.5078 3.6940
65.5000 0.8384 0.5095 4.0582
65.6000 0.8395 0.5117 4.4224
65.7000 0.8398 0.5141 4.7863
65.8000 0.8392 0.5164 5.1498
65.9000 0.8378 0.5184 5.5128
66.0000 0.8358 0.5197 5.8756
66.1000 0.8334 0.5203 6.2385
66.2000 0.8310 0.5200 0.3186
66.3000 0.8289 0.5188 0.6823
66.4000 0.8273 0.5169 1.0459
66.5000 0.8265 0.5147 1.4092
66.6000 0.8265 0.5122 1.7724
66.7000 0.8274 0.5100 2.1356
66.8000 0.8291 0.5082 2.4988
66.9000 0.8312 0.5071 2.8624
67.0000 0.8337 0.5069 3.2266
67.1000 0.8361 0.5075 3.5914
67.2000 0.8381 0.5090 3.9565
67.3000 0.8394 0.5111 4.3218
67.4000 0.8399 0.5135 4.6868
67.5000 0.8395 0.5159 5.0515
67.6000 0.8383 0.5181 5.4158
67.7000 0.8364 0.5196 5.7797
67.8000 0.8341 0.5204 6.1437
67.9000 0.8316 0.5203 0.2249
68.0000 0.8294 0.5193 0.5895
68.1000 0.8276 0.5176 0.9542
68.2000 0.8266 0.5153 1.3187
68.3000 0.8264 0.5129 1.6830
68.4000 0.8271 0.5106 2.0472
68.5000 0.8286 0.5086 2.4114
68.6000 0.8307 0.5073 2.7760
68.7000 0.8332 0.5069 3.1410
68.8000 0.8356 0.5073 3.5066
68.9000 0.8377 0.5086 3.8727
69.0000 0.8393 0.5106 4.2388
69.1000 0.8400 0.5130 4.6049
69.2000 0.8398 0.5155 4.9706
69.3000 0.8387 0.5177 5.3360
69.4000 0.8369 0.5194 5.7010
69.5000 0.8347 0.5204 6.0659
69.6000 0.8322 0.5205 0.1479
69.7000 0.8298 0.5197 0.5134
69.8000 0.8279 0.5181 0.8790
69.9000 0.8267 0.5159 1.2445
70.0000 0.8264 0.5135 1.6098
70.1000 0.8269 0.5111 1.9749
70.2000 0.8283 0.5090 2.3401
70.3000 0.8303 0.5075 2.7055
70.4000 0.8327 0.5069 3.0713
70.5000 0.8352 0.5072 3.4377
70.6000 0.8374 0.5084 3.8045
70.7000 0.8391 0.5103 4.1715
70.8000 0.8400 0.5126 4.5384
70.9000 0.8400 0.5151 4.9050
71.0000 0.8391 0.5175 5.2714
71.1000 0.8374 0.5193 5.6372
71.2000 0.8351 0.5204 6.0030
71.3000 0.8327 0.5207 0.0857
71.4000 0.8302 0.5200 0.4521
71.5000 0.8282 0.5185 0.8185
71.6000 0.8269 0.5164 1.1848
71.7000 0.8264 0.5139 1.5510
71.8000 0.8268 0.5115 1.9170
71.9000 0.8280 0.5093 2.2830
72.0000 0.8300 0.5078 2.6492
72.1000 0.8324 0.5070 3.0158
72.2000 0.8349 0.5071 3.3829
72.3000 0.8372 0.5082 3.7504
72.4000 0.8390 0.5100 4.1181
72.5000 0.8400 0.5123 4.4858
72.6000 0.8401 0.5149 4.8532
72.7000 0.8393 0.5173 5.2204
72.8000 0.8377 0.5192 5.5871
72.9000 0.8355 0.5204 5.9537
73.0000 0.8330 0.5208 0.0372
73.1000 0.8306 0.5202 0.4043
73.2000 0.8285 0.5188 0.7716
73.3000 0.8270 0.5168 1.1387
73.4000 0.8264 0.5143 1.5057
73.5000 0.8267 0.5118 1.8726
73.6000 0.8278 0.5096 2.2395
73.7000 0.8298 0.5079 2.6065
73.8000 0.8321 0.5070 2.9738
73.9000 0.8347 0.5071 3.3416
74.0000 0.8370 0.5080 3.7098
74.1000 0.8389 0.5098 4.0782
74.2000 0.8400 0.5121 4.4466
74.3000 0.8402 0.5147 4.8148
74.4000 0.8395 0.5171 5.1828
74.5000 0.8380 0.5191 5.5503
74.6000 0.8358 0.5204 5.9177
74.7000 0.8333 0.5209 0.0020
74.8000 0.8308 0.5204 0.3698
74.9000 0.8286 0.5191 0.7378
75.0000 0.8271 0.5171 1.1057
75.1000 0.8264 0.5146 1.4735
75.2000 0.8266 0.5121 1.8411
75.3000 0.8277 0.5098 2.2088
75.4000 0.8296 0.5081 2.5765
75.5000 0.8320 0.5071 2.9445
75.6000 0.8345 0.5071 3.3129
75.7000 0.8369 0.5080 3.6818
75.8000 0.8389 0.5097 4.0508
75.9000 0.8401 0.5120 4.4199
76.0000 0.8403 0.5145 4.7887
76.1000 0.8397 0.5170 5.1573
76.2000 0.8382 0.5191 5.5256
76.3000 0.8360 0.5205 5.8937
76.4000 0.8335 0.5210 6.2619
76.5000 0.8310 0.5206 0.3471
76.6000 0.8288 0.5193 0.7158
76.7000 0.8272 0.5173 1.0844
76.8000 0.8264 0.5148 1.4528
76.9000 0.8266 0.5123 1.8211
77.0000 0.8277 0.5099 2.1894
77.1000 0.8295 0.5081 2.5577
77.2000 0.8319 0.5071 2.9264
77.3000 0.8344 0.5071 3.2954
77.4000 0.8369 0.5079 3.6648
77.5000 0.8389 0.5096 4.0344
77.6000 0.8401 0.5119 4.4040
77.7000 0.8404 0.5145 4.7735
77.8000 0.8398 0.5170 5.1427
77.9000 0.8383 0.5191 5.5115
78.0000 0.8361 0.5205 5.8803
78.1000 0.8336 0.5211 6.2490
78.2000 0.8311 0.5207 0.3349
78.3000 0.8288 0.5194 0.7041
78.4000 0.8272 0.5174 1.0733
78.5000 0.8264 0.5149 1.4423
78.6000 0.8266 0.5124 1.8112
78.7000 0.8276 0.5100 2.1800
78.8000 0.8295 0.5082 2.5490
78.9000 0.8318 0.5072 2.9182
79.0000 0.8344 0.5071 3.2877
79.1000 0.8369 0.5079 3.6576
79.2000 0.8389 0.5096 4.0278
79.3000 0.8401 0.5119 4.3979
79.4000 0.8405 0.5145 4.7678
79.5000 0.8399 0.5170 5.1376
79.6000 0.8384 0.5191 5.5070
79.7000 0.8362 0.5206 5.8762
79.8000 0.8337 0.5212 6.2456
79.9000 0.8311 0.5208 0.3320
80.0000 0.8289 0.5195 0.7017
80.1000 0.8272 0.5175 1.0714
80.2000 0.8264 0.5150 1.4409
80.3000 0.8266 0.5124 1.8103
80.4000 0.8276 0.5101 2.1797
80.5000 0.8295 0.5082 2.5492
80.6000 0.8319 0.5072 2.9189
80.7000 0.8345 0.5071 3.2889
80.8000 0.8369 0.5080 3.6593
80.9000 0.8389 0.5097 4.0299
81.0000 0.8402 0.5120 4.4005
81.1000 0.8405 0.5146 4.7709
81.2000 0.8399 0.5171 5.1411
81.3000 0.8384 0.5192 5.5110
81.4000 0.8362 0.5207 5.8808
81.5000 0.8337 0.5212 6.2506
81.6000 0.8311 0.5208 0.3375
81.7000 0.8288 0.5195 0.7077
81.8000 0.8272 0.5175 1.0778
81.9000 0.8264 0.5150 1.4478
82.0000 0.8266 0.5124 1.8177
82.1000 0.8277 0.5100 2.1876
82.2000 0.8295 0.5082 2.5576
82.3000 0.8319 0.5072 2.9278
82.4000 0.8346 0.5071 3.2983
82.5000 0.8370 0.5080 3.6691
82.6000 0.8390 0.5097 4.0401
82.7000 0.8403 0.5121 4.4111
82.8000 0.8406 0.5147 4.7819
82.9000 0.8399 0.5172 5.1526
83.0000 0.8384 0.5193 5.5229
83.1000 0.8362 0.5208 5.8931
83.2000 0.8336 0.5213 6.2634
83.3000 0.8310 0.5209 0.3507
83.4000 0.8288 0.5195 0.7213
83.5000 0.8272 0.5175 1.0919
83.6000 0.8264 0.5149 1.4624
83.7000 0.8266 0.5123 1.8327
83.8000 0.8277 0.5100 2.2031
83.9000 0.8296 0.5082 2.5735
84.0000 0.8321 0.5072 2.9441
84.1000 0.8347 0.5072 3.3150
84.2000 0.8372 0.5081 3.6863
84.3000 0.8392 0.5099 4.0577
84.4000 0.8404 0.5122 4.4291
84.5000 0.8406 0.5148 4.8003
84.6000 0.8399 0.5174 5.1713
84.7000 0.8383 0.5195 5.5421
84.8000 0.8361 0.5209 5.9127
84.9000 0.8335 0.5214 0.0002
85.0000 0.8309 0.5209 0.3711
85.1000 0.8287 0.5195 0.7422
85.2000 0.8271 0.5174 1.1132
85.3000 0.8264 0.5148 1.4840
85.4000 0.8266 0.5122 1.8548
85.5000 0.8278 0.5099 2.2256
85.6000 0.8298 0.5081 2.5964
85.7000 0.8323 0.5072 2.9674
85.8000 0.8349 0.5072 3.3388
85.9000 0.8374 0.5082 3.7104
86.0000 0.8393 0.5100 4.0821
86.1000 0.8404 0.5124 4.4539
86.2000 0.8406 0.5151 4.8255
86.3000 0.8399 0.5176 5.1969
86.4000 0.8382 0.5197 5.5680
86.5000 0.8359 0.5210 5.9390
86.6000 0.8333 0.5214 0.0269
86.7000 0.8308 0.5209 0.3983
86.8000 0.8285 0.5194 0.7697
86.9000 0.8270 0.5172 1.1410
87.0000 0.8264 0.5147 1.5123
87.1000 0.8267 0.5121 1.8834
87.2000 0.8280 0.5097 2.2546
87.3000 0.8300 0.5080 2.6258
87.4000 0.8325 0.5072 2.9972
87.5000 0.8352 0.5073 3.3690
87.6000 0.8376 0.5083 3.7410
87.7000 0.8395 0.5102 4.1131
87.8000 0.8405 0.5127 4.4851
87.9000 0.8407 0.5153 4.8571
88.0000 0.8398 0.5178 5.2288
88.1000 0.8381 0.5199 5.6003
88.2000 0.8358 0.5211 5.9717
88.3000 0.8331 0.5215 0.0599
88.4000 0.8305 0.5208 0.4316
88.5000 0.8284 0.5193 0.8034
88.6000 0.8269 0.5171 1.1751
88.7000 0.8264 0.5145 1.5466
88.8000 0.8268 0.5118 1.9181
88.9000 0.8281 0.5096 2.2896
89.0000 0.8302 0.5079 2.6612
89.1000 0.8328 0.5072 3.0330
89.2000 0.8354 0.5074 3.4050
89.3000 0.8378 0.5085 3.7774
89.4000 0.8397 0.5105 4.1497
89.5000 0.8406 0.5130 4.5221
89.6000 0.8406 0.5156 4.8943
89.7000 0.8397 0.5181 5.2663
89.8000 0.8379 0.5201 5.6381
89.9000 0.8355 0.5213 6.0098
90.0000 0.8329 0.5215 0.0984
90.1000 0.8303 0.5207 0.4704
90.2000 0.8282 0.5191 0.8424
90.3000 0.8268 0.5168 1.2144
90.4000 0.8264 0.5142 1.5862
90.5000 0.8269 0.5116 1.9580
90.6000 0.8284 0.5094 2.3298
90.7000 0.8305 0.5078 2.7017
90.8000 0.8331 0.5071 3.0737
90.9000 0.8357 0.5075 3.4461
91.0000 0.8381 0.5087 3.8187
91.1000 0.8398 0.5108 4.1913
91.2000 0.8407 0.5133 4.5639
91.3000 0.8406 0.5160 4.9363
91.4000 0.8396 0.5184 5.3086
91.5000 0.8377 0.5203 5.6806
91.6000 0.8352 0.5214 6.0526
91.7000 0.8326 0.5215 0.1415
91.8000 0.8301 0.5206 0.5137
91.9000 0.8280 0.5189 0.8860
92.0000 0.8267 0.5166 1.2582
92.1000 0.8264 0.5139 1.6303
92.2000 0.8270 0.5113 2.0023
92.3000 0.8286 0.5092 2.3743
92.4000 0.8308 0.5077 2.7465
92.5000 0.8334 0.5072 3.1188
92.6000 0.8361 0.5076 3.4914
92.7000 0.8384 0.5090 3.8642
92.8000 0.8400 0.5111 4.2371
92.9000 0.8408 0.5137 4.6099
93.0000 0.8406 0.5163 4.9825
93.1000 0.8394 0.5187 5.3550
93.2000 0.8374 0.5205 5.7272
93.3000 0.8349 0.5215 6.0995
93.4000 0.8323 0.5215 0.1886
93.5000 0.8298 0.5205 0.5611
93.6000 0.8278 0.5187 0.9336
93.7000 0.8266 0.5163 1.3061
93.8000 0.8264 0.5136 1.6784
93.9000 0.8272 0.5111 2.0506
94.0000 0.8289 0.5090 2.4229
94.1000 0.8312 0.5076 2.7953
94.2000 0.8338 0.5072 3.1679
94.3000 0.8364 0.5077 3.5408
94.4000 0.8387 0.5092 3.9138
94.5000 0.8402 0.5114 4.2868
94.6000 0.8409 0.5140 4.6598
94.7000 0.8405 0.5167 5.0327
94.8000 0.8392 0.5191 5.4053
94.9000 0.8371 0.5208 5.7778
95.0000 0.8346 0.5216 6.1503
95.1000 0.8319 0.5215 0.2397
95.2000 0.8295 0.5203 0.6124
95.3000 0.8276 0.5184 0.9852
95.4000 0.8266 0.5160 1.3578
95.5000 0.8265 0.5133 1.7303
95.6000 0.8274 0.5108 2.1028
95.7000 0.8292 0.5087 2.4754
95.8000 0.8315 0.5075 2.8480
95.9000 0.8342 0.5072 3.2209
96.0000 0.8368 0.5079 3.5940
96.1000 0.8390 0.5095 3.9672
96.2000 0.8404 0.5118 4.3405
96.3000 0.8409 0.5145 4.7136
96.4000 0.8404 0.5171 5.0866
96.5000 0.8390 0.5194 5.4595
96.6000 0.8368 0.5210 5.8322
96.7000 0.8342 0.5217 6.2049
96.8000 0.8315 0.5214 0.2945
96.9000 0.8292 0.5201 0.6675
97.0000 0.8274 0.5181 1.0404
97.1000 0.8265 0.5156 1.4132
97.2000 0.8266 0.5129 1.7860
97.3000 0.8276 0.5104 2.1587
97.4000 0.8295 0.5085 2.5315
97.5000 0.8319 0.5074 2.9043
97.6000 0.8346 0.5073 3.2774
97.7000 0.8372 0.5081 3.6508
97.8000 0.8393 0.5099 4.0242
97.9000 0.8406 0.5122 4.3976
98.0000 0.8409 0.5149 4.7710
98.1000 0.8403 0.5175 5.1441
98.2000 0.8387 0.5197 5.5171
98.3000 0.8364 0.5212 5.8900
98.4000 0.8338 0.5217 6.2629
98.5000 0.8312 0.5213 0.3528
98.6000 0.8288 0.5199 0.7260
98.7000 0.8272 0.5178 1.0991
98.8000 0.8264 0.5152 1.4721
98.9000 0.8267 0.5125 1.8450
99.0000 0.8279 0.5101 2.2180
99.1000 0.8299 0.5083 2.5909
99.2000 0.8324 0.5073 2.9641
99.3000 0.8351 0.5074 3.3374
99.4000 0.8376 0.5084 3.7109
99.5000 0.8396 0.5102 4.0846
99.6000 0.8407 0.5127 4.4582
99.7000 0.8409 0.5154 4.8317
99.8000 0.8401 0.5180 5.2050
99.9000 0.8384 0.5200 5.5782
100.0000 0.8361 0.5214 5.9512
100.1000 0.8334 0.5218 0.0412
100.2000 0.8308 0.5212 0.4145
100.3000 0.8285 0.5196 0.7878
100.4000 0.8270 0.5174 1.1611
100.5000 0.8264 0.5148 1.5343
100.6000 0.8268 0.5121 1.9074
100.7000 0.8282 0.5098 2.2806
100.8000 0.8303 0.5081 2.6538
100.9000 0.8329 0.5073 3.0271
101.0000 0.8356 0.5075 3.4007
101.1000 0.8380 0.5086 3.7744
101.2000 0.8398 0.5106 4.1482
101.3000 0.8408 0.5132 4.5220
101.4000 0.8409 0.5159 4.8957
101.5000 0.8399 0.5184 5.2692
101.6000 0.8381 0.5204 5.6425
101.7000 0.8356 0.5216 6.0158
101.8000 0.8329 0.5218 0.1059
101.9000 0.8303 0.5210 0.4794
102.0000 0.8282 0.5193 0.8529
102.1000 0.8268 0.5170 1.2263
102.2000 0.8264 0.5143 1.5997
102.3000 0.8270 0.5117 1.9729
102.4000 0.8285 0.5094 2.3462
102.5000 0.8307 0.5079 2.7196
102.6000 0.8333 0.5073 3.0931
102.7000 0.8360 0.5076 3.4669
102.8000 0.8384 0.5090 3.8407
102.9000 0.8401 0.5111 4.2147
103.0000 0.8409 0.5137 4.5886
103.1000 0.8408 0.5164 4.9623
103.2000 0.8396 0.5188 5.3360
103.3000 0.8377 0.5207 5.7094
103.4000 0.8352 0.5217 6.0828
103.5000 0.8325 0.5217 0.1731
103.6000 0.8299 0.5208 0.5468
103.7000 0.8279 0.5190 0.9204
103.8000 0.8267 0.5165 1.2939
103.9000 0.8265 0.5139 1.6674
104.0000 0.8272 0.5113 2.0408
104.1000 0.8289 0.5091 2.4143
104.2000 0.8312 0.5077 2.7878
104.3000 0.8339 0.5073 3.1615
104.4000 0.8365 0.5078 3.5354
104.5000 0.8388 0.5093 3.9094
104.6000 0.8404 0.5115 4.2834
104.7000 0.8410 0.5142 4.6574
104.8000 0.8407 0.5169 5.0313
104.9000 0.8393 0.5192 5.4050
105.0000 0.8373 0.5210 5.7786
105.1000 0.8347 0.5218 6.1521
105.2000 0.8320 0.5217 0.2426
105.3000 0.8295 0.5205 0.6164
105.4000 0.8276 0.5186 0.9901
105.5000 0.8266 0.5161 1.3638
105.6000 0.8265 0.5134 1.7374
105.7000 0.8275 0.5108 2.1110
105.8000 0.8293 0.5088 2.4846
105.9000 0.8317 0.5076 2.8583
106.0000 0.8344 0.5073 3.2321
106.1000 0.8370 0.5081 3.6061
106.2000 0.8392 0.5097 3.9803
106.3000 0.8406 0.5120 4.3545
106.4000 0.8410 0.5147 4.7285
106.5000 0.8405 0.5174 5.1025
106.6000 0.8390 0.5197 5.4763
106.7000 0.8368 0.5212 5.8500
106.8000 0.8342 0.5219 6.2237
106.9000 0.8315 0.5216 0.3143
107.0000 0.8291 0.5202 0.6882
107.1000 0.8274 0.5182 1.0621
107.2000 0.8265 0.5156 1.4359
107.3000 0.8266 0.5129 1.8096
107.4000 0.8278 0.5104 2.1833
107.5000 0.8297 0.5085 2.5570
107.6000 0.8322 0.5075 2.9308
107.7000 0.8349 0.5074 3.3048
107.8000 0.8375 0.5083 3.6790
107.9000 0.8395 0.5101 4.0533
108.0000 0.8408 0.5126 4.4276
108.1000 0.8410 0.5153 4.8017
108.2000 0.8403 0.5179 5.1758
108.3000 0.8387 0.5201 5.5497
108.4000 0.8363 0.5215 5.9235
108.5000 0.8337 0.5219 0.0141
108.6000 0.8310 0.5214 0.3881
108.7000 0.8287 0.5199 0.7621
108.8000 0.8271 0.5177 1.1361
108.9000 0.8264 0.5151 1.5099
109.0000 0.8268 0.5124 1.8838
109.1000 0.8281 0.5100 2.2576
109.2000 0.8302 0.5082 2.6315
109.3000 0.8328 0.5074 3.0055
109.4000 0.8355 0.5075 3.3797
109.5000 0.8380 0.5086 3.7540
109.6000 0.8399 0.5106 4.1284
109.7000 0.8409 0.5131 4.5027
109.8000 0.8410 0.5158 4.8770
109.9000 0.8401 0.5184 5.2512
110.0000 0.8382 0.5204 5.6251
110.1000 0.8358 0.5217 5.9990
110.2000 0.8331 0.5219 0.0898
110.3000 0.8305 0.5212 0.4639
110.4000 0.8283 0.5195 0.8380
110.5000 0.8269 0.5172 1.2121
110.6000 0.8264 0.5145 1.5861
110.7000 0.8270 0.5119 1.9600
110.8000 0.8285 0.5096 2.3339
110.9000 0.8307 0.5080 2.7079
111.0000 0.8333 0.5073 3.0820
111.1000 0.8360 0.5077 3.4563
111.2000 0.8384 0.5090 3.8308
111.3000 0.8402 0.5111 4.2053
111.4000 0.8410 0.5137 4.5797
111.5000 0.8409 0.5164 4.9540
111.6000 0.8398 0.5189 5.3282
111.7000 0.8378 0.5208 5.7023
111.8000 0.8353 0.5218 6.0763
111.9000 0.8326 0.5219 0.1672
112.0000 0.8300 0.5209 0.5414
112.1000 0.8280 0.5191 0.9156
112.2000 0.8267 0.5167 1.2897
112.3000 0.8265 0.5140 1.6637
112.4000 0.8272 0.5114 2.0377
112.5000 0.8289 0.5092 2.4117
112.6000 0.8312 0.5078 2.7858
112.7000 0.8339 0.5073 3.1601
112.8000 0.8366 0.5079 3.5345
112.9000 0.8389 0.5094 3.9090
113.0000 0.8405 0.5116 4.2835
113.1000 0.8411 0.5143 4.6580
113.2000 0.8408 0.5170 5.0324
113.3000 0.8394 0.5194 5.4066
113.4000 0.8373 0.5211 5.7807
113.5000 0.8347 0.5220 6.1549
113.6000 0.8320 0.5218 0.2459
113.7000 0.8295 0.5207 0.6201
113.8000 0.8276 0.5187 0.9944
113.9000 0.8266 0.5162 1.3686
114.0000 0.8266 0.5134 1.7427
114.1000 0.8275 0.5109 2.1168
114.2000 0.8293 0.5089 2.4909
114.3000 0.8318 0.5076 2.8651
114.4000 0.8345 0.5074 3.2395
114.5000 0.8371 0.5082 3.6140
114.6000 0.8393 0.5098 3.9886
114.7000 0.8407 0.5122 4.3632
114.8000 0.8411 0.5149 4.7377
114.9000 0.8406 0.5176 5.1122
115.0000 0.8391 0.5198 5.4864
115.1000 0.8368 0.5214 5.8606
115.2000 0.8342 0.5220 6.2348
115.3000 0.8315 0.5217 0.3259
115.4000 0.8291 0.5203 0.7003
115.5000 0.8273 0.5182 1.0746
115.6000 0.8265 0.5156 1.4489
115.7000 0.8267 0.5129 1.8231
115.8000 0.8279 0.5104 2.1972
115.9000 0.8298 0.5085 2.5714
116.0000 0.8324 0.5075 2.9457
116.1000 0.8351 0.5075 3.3202
116.2000 0.8377 0.5085 3.6948
116.3000 0.8397 0.5103 4.0695
116.4000 0.8409 0.5128 4.4442
116.5000 0.8411 0.5155 4.8188
116.6000 0.8403 0.5181 5.1932
116.7000 0.8386 0.5203 5.5675
116.8000 0.8363 0.5217 5.9418
116.9000 0.8336 0.5221 0.0329
117.0000 0.8309 0.5215 0.4073
117.1000 0.8286 0.5199 0.7817
117.2000 0.8271 0.5177 1.1561
117.3000 0.8265 0.5150 1.5304
117.4000 0.8269 0.5123 1.9047
117.5000 0.8282 0.5099 2.2790
117.6000 0.8304 0.5082 2.6533
117.7000 0.8330 0.5074 3.0277
117.8000 0.8357 0.5076 3.4023
117.9000 0.8382 0.5088 3.7770
118.0000 0.8401 0.5108 4.1518
118.1000 0.8411 0.5134 4.5265
118.2000 0.8410 0.5161 4.9011
118.3000 0.8400 0.5187 5.2757
118.4000 0.8382 0.5207 5.6500
118.5000 0.8357 0.5219 6.0244
118.6000 0.8330 0.5220 0.1155
118.7000 0.8304 0.5212 0.4900
118.8000 0.8282 0.5195 0.8645
118.9000 0.8269 0.5171 1.2389
119.0000 0.8265 0.5144 1.6133
119.1000 0.8271 0.5118 1.9876
119.2000 0.8287 0.5095 2.3619
119.3000 0.8309 0.5080 2.7363
119.4000 0.8336 0.5074 3.1108
119.5000 0.8363 0.5078 3.4855
119.6000 0.8387 0.5092 3.8603
119.7000 0.8404 0.5114 4.2351
119.8000 0.8412 0.5140 4.6098
119.9000 0.8409 0.5167 4.9845
120.0000 0.8397 0.5192 5.3590
120.1000 0.8377 0.5210 5.7334
120.2000 0.8351 0.5220 6.1078
120.3000 0.8324 0.5220 0.1991
120.4000 0.8298 0.5209 0.5736
120.5000 0.8279 0.5191 0.9482
120.6000 0.8267 0.5166 1.3227
120.7000 0.8265 0.5138 1.6971
120.8000 0.8274 0.5112 2.0714
120.9000 0.8291 0.5091 2.4458
121.0000 0.8315 0.5078 2.8203
121.1000 0.8342 0.5074 3.1948
121.2000 0.8369 0.5081 3.5696
121.3000 0.8391 0.5097 3.9444
121.4000 0.8406 0.5120 4.3193
121.5000 0.8412 0.5146 4.6940
121.6000 0.8407 0.5174 5.0687
121.7000 0.8393 0.5197 5.4433
121.8000 0.8372 0.5214 5.8177
121.9000 0.8345 0.5221 6.1922
122.0000 0.8318 0.5218 0.2835
122.1000 0.8293 0.5206 0.6581
122.2000 0.8275 0.5186 1.0327
122.3000 0.8266 0.5160 1.4072
122.4000 0.8267 0.5132 1.7817
122.5000 0.8277 0.5107 2.1561
122.6000 0.8296 0.5088 2.5306
122.7000 0.8321 0.5076 2.9051
122.8000 0.8349 0.5075 3.2798
122.9000 0.8375 0.5084 3.6546
123.0000 0.8396 0.5101 4.0295
123.1000 0.8409 0.5126 4.4044
123.2000 0.8412 0.5153 4.7792
123.3000 0.8405 0.5179 5.1539
123.4000 0.8389 0.5202 5.5284
123.5000 0.8366 0.5216 5.9029
123.6000 0.8339 0.5222 6.2774
123.7000 0.8312 0.5217 0.3689
123.8000 0.8289 0.5202 0.7435
123.9000 0.8272 0.5180 1.1181
124.0000 0.8265 0.5154 1.4927
124.1000 0.8268 0.5126 1.8672
124.2000 0.8281 0.5102 2.2417
124.3000 0.8302 0.5084 2.6162
124.4000 0.8328 0.5075 2.9908
124.5000 0.8355 0.5076 3.3656
124.6000 0.8380 0.5087 3.7405
124.7000 0.8400 0.5107 4.1154
124.8000 0.8411 0.5132 4.4904
124.9000 0.8412 0.5159 4.8652
125.0000 0.8402 0.5185 5.2399
125.1000 0.8384 0.5206 5.6145
125.2000 0.8360 0.5219 5.9891
125.3000 0.8333 0.5222 0.0805
125.4000 0.8306 0.5214 0.4551
125.5000 0.8284 0.5198 0.8298
125.6000 0.8270 0.5175 1.2045
125.7000 0.8265 0.5148 1.5791
125.8000 0.8270 0.5121 1.9536
125.9000 0.8285 0.5098 2.3281
126.0000 0.8307 0.5081 2.7027
126.1000 0.8334 0.5075 3.0774
126.2000 0.8361 0.5078 3.4522
126.3000 0.8385 0.5091 3.8272
126.4000 0.8403 0.5112 4.2022
126.5000 0.8412 0.5138 4.5771
126.6000 0.8410 0.5166 4.9520
126.7000 0.8399 0.5191 5.3267
126.8000 0.8379 0.5210 5.7014
126.9000 0.8354 0.5220 6.0759
127.0000 0.8327 0.5221 0.1674
127.1000 0.8301 0.5211 0.5421
127.2000 0.8280 0.5193 0.9168
127.3000 0.8268 0.5169 1.2915
127.4000 0.8265 0.5141 1.6661
127.5000 0.8273 0.5115 2.0407
127.6000 0.8290 0.5093 2.4152
127.7000 0.8313 0.5079 2.7899
127.8000 0.8341 0.5075 3.1646
127.9000 0.8367 0.5080 3.5395
128.0000 0.8390 0.5096 3.9145
128.1000 0.8406 0.5118 4.2895
128.2000 0.8413 0.5145 4.6645
128.3000 0.8409 0.5172 5.0393
128.4000 0.8395 0.5196 5.4141
128.5000 0.8374 0.5213 5.7887
128.6000 0.8348 0.5222 6.1633
128.7000 0.8320 0.5220 0.2548
128.8000 0.8295 0.5208 0.6296
128.9000 0.8277 0.5188 1.0044
129.0000 0.8267 0.5163 1.3790
129.1000 0.8266 0.5135 1.7537
129.2000 0.8276 0.5110 2.1283
129.3000 0.8295 0.5089 2.5029
129.4000 0.8320 0.5077 2.8776
129.5000 0.8347 0.5075 3.2524
129.6000 0.8373 0.5083 3.6273
129.7000 0.8395 0.5101 4.0024
129.8000 0.8409 0.5124 4.3774
129.9000 0.8413 0.5152 4.7524
130.0000 0.8407 0.5178 5.1272
130.1000 0.8391 0.5201 5.5020
130.2000 0.8368 0.5216 5.8766
130.3000 0.8341 0.5222 6.2513
130.4000 0.8314 0.5218 0.3429
130.5000 0.8290 0.5204 0.7176
130.6000 0.8274 0.5183 1.0924
130.7000 0.8266 0.5156 1.4671
130.8000 0.8268 0.5129 1.8418
130.9000 0.8280 0.5104 2.2164
131.0000 0.8300 0.5086 2.5911
131.1000 0.8326 0.5076 2.9658
131.2000 0.8354 0.5076 3.3407
131.3000 0.8379 0.5087 3.7157
131.4000 0.8399 0.5106 4.0908
131.5000 0.8411 0.5131 4.4659
131.6000 0.8412 0.5158 4.8409
131.7000 0.8404 0.5184 5.2157
131.8000 0.8386 0.5206 5.5905
131.9000 0.8362 0.5219 5.9652
132.0000 0.8335 0.5223 0.0567
132.1000 0.8308 0.5216 0.4315
132.2000 0.8286 0.5200 0.8063
132.3000 0.8271 0.5177 1.1811
132.4000 0.8265 0.5150 1.5558
132.5000 0.8270 0.5123 1.9305
132.6000 0.8284 0.5099 2.3052
132.7000 0.8306 0.5083 2.6799
132.8000 0.8333 0.5075 3.0548
132.9000 0.8360 0.5078 3.4297
133.0000 0.8385 0.5091 3.8048
133.1000 0.8403 0.5111 4.1799
133.2000 0.8412 0.5137 4.5550
133.3000 0.8411 0.5165 4.9300
133.4000 0.8400 0.5190 5.3049
133.5000 0.8381 0.5210 5.6796
133.6000 0.8356 0.5221 6.0543
133.7000 0.8329 0.5222 0.1459
133.8000 0.8302 0.5213 0.5207
133.9000 0.8282 0.5195 0.8956
134.0000 0.8269 0.5171 1.2704
134.1000 0.8266 0.5144 1.6451
134.2000 0.8273 0.5117 2.0198
134.3000 0.8289 0.5095 2.3945
134.4000 0.8312 0.5080 2.7692
134.5000 0.8339 0.5075 3.1441
134.6000 0.8366 0.5080 3.5191
134.7000 0.8390 0.5095 3.8942
134.8000 0.8406 0.5117 4.2693
134.9000 0.8413 0.5144 4.6444
135.0000 0.8410 0.5171 5.0194
135.1000 0.8397 0.5196 5.3942
135.2000 0.8376 0.5213 5.7690
135.3000 0.8350 0.5222 6.1437
135.4000 0.8322 0.5221 0.2354
135.5000 0.8297 0.5210 0.6102
135.6000 0.8278 0.5190 0.9851
135.7000 0.8267 0.5165 1.3599
135.8000 0.8266 0.5137 1.7347
135.9000 0.8276 0.5111 2.1094
136.0000 0.8294 0.5091 2.4841
136.1000 0.8319 0.5078 2.8589
136.2000 0.8346 0.5076 3.2338
136.3000 0.8373 0.5083 3.6089
136.4000 0.8395 0.5100 3.9840
136.5000 0.8409 0.5124 4.3591
136.6000 0.8413 0.5151 4.7342
136.7000 0.8408 0.5178 5.1092
136.8000 0.8392 0.5201 5.4840
136.9000 0.8370 0.5217 5.8588
137.0000 0.8343 0.5223 6.2335
137.1000 0.8316 0.5219 0.3252
137.2000 0.8292 0.5206 0.7001
137.3000 0.8274 0.5184 1.0750
137.4000 0.8266 0.5158 1.4498
137.5000 0.8268 0.5131 1.8246
137.6000 0.8280 0.5106 2.1993
137.7000 0.8300 0.5087 2.5741
137.8000 0.8325 0.5077 2.9489
137.9000 0.8353 0.5077 3.3239
138.0000 0.8379 0.5087 3.6990
138.1000 0.8399 0.5105 4.0741
138.2000 0.8411 0.5130 4.4493
138.3000 0.8413 0.5158 4.8244
138.4000 0.8405 0.5184 5.1993
138.5000 0.8388 0.5206 5.5742
138.6000 0.8364 0.5219 5.9489
138.7000 0.8337 0.5223 0.0406
138.8000 0.8310 0.5217 0.4155
138.9000 0.8287 0.5201 0.7904
139.0000 0.8272 0.5179 1.1653
139.1000 0.8266 0.5152 1.5401
139.2000 0.8270 0.5125 1.9149
139.3000 0.8284 0.5101 2.2897
139.4000 0.8306 0.5084 2.6645
139.5000 0.8332 0.5076 3.0394
139.6000 0.8359 0.5078 3.4144
139.7000 0.8384 0.5091 3.7896
139.8000 0.8403 0.5111 4.1648
139.9000 0.8412 0.5137 4.5399
140.0000 0.8412 0.5165 4.9150
140.1000 0.8402 0.5190 5.2900
140.2000 0.8382 0.5210 5.6648
140.3000 0.8357 0.5221 6.0396
140.4000 0.8330 0.5223 0.1313
140.5000 0.8304 0.5214 0.5062
140.6000 0.8283 0.5197 0.8812
140.7000 0.8269 0.5173 1.2560
140.8000 0.8266 0.5145 1.6309
140.9000 0.8273 0.5118 2.0056
141.0000 0.8289 0.5096 2.3804
141.1000 0.8312 0.5081 2.7553
141.2000 0.8339 0.5076 3.1302
141.3000 0.8366 0.5081 3.5053
141.4000 0.8389 0.5095 3.8804
141.5000 0.8406 0.5117 4.2556
141.6000 0.8413 0.5144 4.6308
141.7000 0.8410 0.5171 5.0058
141.8000 0.8398 0.5196 5.3808
141.9000 0.8377 0.5214 5.7556
142.0000 0.8351 0.5223 6.1304
142.1000 0.8323 0.5222 0.2221
142.2000 0.8298 0.5211 0.5971
142.3000 0.8279 0.5191 0.9720
142.4000 0.8268 0.5166 1.3469
142.5000 0.8267 0.5139 1.7217
142.6000 0.8276 0.5113 2.0965
142.7000 0.8294 0.5092 2.4713
142.8000 0.8318 0.5079 2.8462
142.9000 0.8346 0.5076 3.2212
143.0000 0.8372 0.5083 3.5963
143.1000 0.8394 0.5100 3.9715
143.2000 0.8409 0.5123 4.3467
143.3000 0.8414 0.5151 4.7218
143.4000 0.8408 0.5178 5.0968
143.5000 0.8393 0.5201 5.4718
143.6000 0.8371 0.5217 5.8466
143.7000 0.8344 0.5224 6.2215
143.8000 0.8317 0.5220 0.3132
143.9000 0.8293 0.5207 0.6882
144.0000 0.8275 0.5186 1.0631
144.1000 0.8266 0.5160 1.4380
144.2000 0.8268 0.5132 1.8128
144.3000 0.8279 0.5107 2.1876
144.4000 0.8299 0.5088 2.5625
144.5000 0.8325 0.5077 2.9374
144.6000 0.8352 0.5077 3.3124
144.7000 0.8378 0.5087 3.6876
144.8000 0.8399 0.5105 4.0628
144.9000 0.8411 0.5130 4.4380
145.0000 0.8413 0.5158 4.8131
145.1000 0.8406 0.5184 5.1881
145.2000 0.8389 0.5206 5.5630
145.3000 0.8365 0.5220 5.9379
145.4000 0.8338 0.5224 0.0296
145.5000 0.8311 0.5218 0.4045
145.6000 0.8288 0.5203 0.7795
145.7000 0.8272 0.5180 1.1545
145.8000 0.8266 0.5153 1.5293
145.9000 0.8270 0.5126 1.9042
146.0000 0.8284 0.5102 2.2790
146.1000 0.8305 0.5085 2.6539
146.2000 0.8332 0.5077 3.0289
146.3000 0.8359 0.5079 3.4039
146.4000 0.8384 0.5091 3.7792
146.5000 0.8403 0.5111 4.1544
146.6000 0.8413 0.5137 4.5296
146.7000 0.8413 0.5164 4.9047
146.8000 0.8402 0.5190 5.2798
146.9000 0.8383 0.5210 5.6547
147.0000 0.8359 0.5222 6.0295
147.1000 0.8331 0.5224 0.1212
147.2000 0.8305 0.5215 0.4962
147.3000 0.8283 0.5198 0.8712
147.4000 0.8270 0.5174 1.2462
147.5000 0.8266 0.5146 1.6210
147.6000 0.8273 0.5120 1.9959
147.7000 0.8288 0.5097 2.3707
147.8000 0.8311 0.5082 2.7456
147.9000 0.8338 0.5076 3.1206
148.0000 0.8366 0.5081 3.4957
148.1000 0.8389 0.5095 3.8709
148.2000 0.8406 0.5117 4.2462
148.3000 0.8414 0.5144 4.6214
148.4000 0.8411 0.5171 4.9965
148.5000 0.8399 0.5196 5.3715
148.6000 0.8378 0.5214 5.7464
148.7000 0.8352 0.5223 6.1212
148.8000 0.8324 0.5223 0.2130
148.9000 0.8299 0.5212 0.5880
149.0000 0.8279 0.5193 0.9630
149.1000 0.8268 0.5167 1.3379
149.2000 0.8267 0.5140 1.7128
149.3000 0.8276 0.5114 2.0876
149.4000 0.8294 0.5093 2.4625
149.5000 0.8318 0.5080 2.8374
149.6000 0.8345 0.5077 3.2124
149.7000 0.8372 0.5084 3.5876
149.8000 0.8394 0.5100 3.9628
149.9000 0.8409 0.5123 4.3380
150.0000 0.8414 0.5151 4.7132
150.1000 0.8409 0.5178 5.0883
150.2000 0.8394 0.5201 5.4633
150.3000 0.8372 0.5217 5.8381
150.4000 0.8345 0.5224 6.2130
150.5000 0.8318 0.5221 0.3048
150.6000 0.8294 0.5208 0.6798
150.7000 0.8276 0.5187 1.0548
150.8000 0.8267 0.5161 1.4297
150.9000 0.8268 0.5133 1.8046
151.0000 0.8279 0.5108 2.1795
151.1000 0.8299 0.5089 2.5543
151.2000 0.8325 0.5078 2.9293
151.3000 0.8352 0.5077 3.3044
151.4000 0.8378 0.5087 3.6796
151.5000 0.8399 0.5105 4.0548
151.6000 0.8411 0.5130 4.4300
151.7000 0.8414 0.5158 4.8052
151.8000 0.8406 0.5184 5.1803
151.9000 0.8390 0.5206 5.5552
152.0000 0.8366 0.5220 5.9301
152.1000 0.8339 0.5225 0.0218
152.2000 0.8312 0.5219 0.3968
152.3000 0.8289 0.5204 0.7718
152.4000 0.8273 0.5181 1.1468
152.5000 0.8266 0.5154 1.5217
152.6000 0.8270 0.5127 1.8966
152.7000 0.8284 0.5103 2.2715
152.8000 0.8305 0.5085 2.6464
152.9000 0.8331 0.5077 3.0214
153.0000 0.8359 0.5079 3.3965
153.1000 0.8384 0.5091 3.7718
153.2000 0.8403 0.5111 4.1470
153.3000 0.8413 0.5137 4.5223
153.4000 0.8413 0.5164 4.8974
153.5000 0.8403 0.5190 5.2725
153.6000 0.8384 0.5210 5.6474
153.7000 0.8359 0.5222 6.0223
153.8000 0.8332 0.5224 0.1141
153.9000 0.8306 0.5216 0.4891
154.0000 0.8284 0.5199 0.8641
154.1000 0.8270 0.5175 1.2391
154.2000 0.8266 0.5148 1.6140
154.3000 0.8273 0.5121 1.9889
154.4000 0.8288 0.5098 2.3638
154.5000 0.8311 0.5083 2.7387
154.6000 0.8338 0.5077 3.1137
154.7000 0.8366 0.5081 3.4889
154.8000 0.8389 0.5095 3.8641
154.9000 0.8406 0.5117 4.2394
155.0000 0.8414 0.5144 4.6146
155.1000 0.8412 0.5171 4.9897
155.2000 0.8399 0.5196 5.3648
155.3000 0.8379 0.5214 5.7397
155.4000 0.8353 0.5224 6.1146
155.5000 0.8325 0.5224 0.2064
155.6000 0.8300 0.5213 0.5814
155.7000 0.8280 0.5194 0.9564
155.8000 0.8268 0.5169 1.3314
155.9000 0.8267 0.5141 1.7063
156.0000 0.8276 0.5115 2.0811
156.1000 0.8293 0.5094 2.4560
156.2000 0.8318 0.5080 2.8310
156.3000 0.8345 0.5077 3.2060
156.4000 0.8372 0.5084 3.5812
156.5000 0.8394 0.5100 3.9564
156.6000 0.8409 0.5124 4.3317
156.7000 0.8415 0.5151 4.7069
156.8000 0.8410 0.5178 5.0820
156.9000 0.8395 0.5201 5.4570
157.0000 0.8373 0.5218 5.8319
157.1000 0.8346 0.5225 6.2068
157.2000 0.8319 0.5222 0.2986
157.3000 0.8294 0.5209 0.6737
157.4000 0.8276 0.5188 1.0487
157.5000 0.8267 0.5162 1.4236
157.6000 0.8268 0.5134 1.7985
157.7000 0.8279 0.5109 2.1734
157.8000 0.8299 0.5090 2.5483
157.9000 0.8324 0.5079 2.9233
158.0000 0.8352 0.5078 3.2984
158.1000 0.8378 0.5087 3.6736
158.2000 0.8399 0.5105 4.0489
158.3000 0.8412 0.5130 4.4241
158.4000 0.8414 0.5158 4.7993
158.5000 0.8407 0.5184 5.1744
158.6000 0.8390 0.5206 5.5493
158.7000 0.8367 0.5221 5.9243
158.8000 0.8339 0.5225 0.0160
158.9000 0.8312 0.5220 0.3910
159.0000 0.8289 0.5205 0.7660
159.1000 0.8273 0.5182 1.1411
159.2000 0.8267 0.5155 1.5160
159.3000 0.8270 0.5128 1.8909
159.4000 0.8284 0.5104 2.2658
159.5000 0.8305 0.5086 2.6407
159.6000 0.8331 0.5078 3.0158
159.7000 0.8359 0.5079 3.3909
159.8000 0.8384 0.5091 3.7661
159.9000 0.8403 0.5111 4.1414
160.0000 0.8413 0.5137 4.5167
160.1000 0.8414 0.5165 4.8918
160.2000 0.8404 0.5190 5.2669
160.3000 0.8385 0.5211 5.6419
160.4000 0.8360 0.5223 6.0168
160.5000 0.8333 0.5225 0.1086
160.6000 0.8306 0.5217 0.4836
160.7000 0.8285 0.5200 0.8586
160.8000 0.8271 0.5176 1.2336
160.9000 0.8267 0.5149 1.6086
161.0000 0.8273 0.5122 1.9835
161.1000 0.8288 0.5099 2.3584
161.2000 0.8311 0.5083 2.7333
161.3000 0.8338 0.5077 3.1083
161.4000 0.8366 0.5082 3.4835
161.5000 0.8389 0.5096 3.8587
161.6000 0.8407 0.5117 4.2340
161.7000 0.8415 0.5144 4.6092
161.8000 0.8412 0.5171 4.9844
161.9000 0.8400 0.5196 5.3594
162.0000 0.8379 0.5215 5.7344
162.1000 0.8354 0.5225 6.1093
162.2000 0.8326 0.5224 0.2011
162.3000 0.8300 0.5214 0.5761
162.4000 0.8280 0.5195 0.9512
162.5000 0.8269 0.5169 1.3261
162.6000 0.8267 0.5142 1.7011
162.7000 0.8276 0.5116 2.0759
162.8000 0.8293 0.5094 2.4508
162.9000 0.8318 0.5081 2.8258
163.0000 0.8345 0.5077 3.2008
163.1000 0.8372 0.5084 3.5760
163.2000 0.8395 0.5100 3.9513
163.3000 0.8410 0.5124 4.3265
163.4000 0.8415 0.5151 4.7018
163.5000 0.8410 0.5178 5.0769
163.6000 0.8396 0.5202 5.4519
163.7000 0.8374 0.5218 5.8268
163.8000 0.8347 0.5226 6.2017
163.9000 0.8319 0.5223 0.2936
164.0000 0.8295 0.5210 0.6686
164.1000 0.8277 0.5189 1.0436
164.2000 0.8267 0.5163 1.4186
164.3000 0.8268 0.5135 1.7935
164.4000 0.8279 0.5110 2.1684
164.5000 0.8299 0.5090 2.5433
164.6000 0.8324 0.5079 2.9183
164.7000 0.8352 0.5078 3.2934
164.8000 0.8378 0.5088 3.6686
164.9000 0.8399 0.5106 4.0439
165.0000 0.8412 0.5130 4.4191
165.1000 0.8415 0.5158 4.7943
165.2000 0.8408 0.5185 5.1694
165.3000 0.8391 0.5207 5.5444
165.4000 0.8367 0.5221 5.9193
165.5000 0.8340 0.5226 0.0110
165.6000 0.8313 0.5221 0.3861
165.7000 0.8290 0.5206 0.7611
165.8000 0.8274 0.5183 1.1361
165.9000 0.8267 0.5156 1.5111
166.0000 0.8270 0.5129 1.8860
166.1000 0.8284 0.5105 2.2609
166.2000 0.8305 0.5087 2.6358
166.3000 0.8331 0.5078 3.0108
166.4000 0.8359 0.5080 3.3860
166.5000 0.8384 0.5091 3.7612
166.6000 0.8403 0.5111 4.1365
166.7000 0.8414 0.5137 4.5118
166.8000 0.8414 0.5165 4.8869
166.9000 0.8404 0.5191 5.2620
167.0000 0.8386 0.5211 5.6370
167.1000 0.8361 0.5223 6.0119
167.2000 0.8333 0.5226 0.1037
167.3000 0.8307 0.5218 0.4787
167.4000 0.8285 0.5201 0.8538
167.5000 0.8271 0.5177 1.2288
167.6000 0.8267 0.5149 1.6037
167.7000 0.8273 0.5122 1.9786
167.8000 0.8288 0.5100 2.3535
167.9000 0.8311 0.5084 2.7284
168.0000 0.8338 0.5078 3.1035
168.1000 0.8366 0.5082 3.4786
168.2000 0.8390 0.5096 3.8539
168.3000 0.8407 0.5118 4.2292
168.4000 0.8415 0.5144 4.6044
168.5000 0.8413 0.5172 4.9795
168.6000 0.8401 0.5197 5.3546
168.7000 0.8380 0.5215 5.7295
168.8000 0.8354 0.5225 6.1045
168.9000 0.8327 0.5225 0.1962
169.0000 0.8301 0.5215 0.5713
169.1000 0.8281 0.5195 0.9463
169.2000 0.8269 0.5170 1.3213
169.3000 0.8267 0.5143 1.6962
169.4000 0.8276 0.5116 2.0711
169.5000 0.8293 0.5095 2.4460
169.6000 0.8318 0.5082 2.8209
169.7000 0.8345 0.5078 3.1960
169.8000 0.8372 0.5085 3.5712
169.9000 0.8395 0.5101 3.9464
170.0000 0.8410 0.5124 4.3217
170.1000 0.8415 0.5151 4.6969
170.2000 0.8411 0.5178 5.0720
170.3000 0.8396 0.5202 5.4470
170.4000 0.8374 0.5219 5.8220
170.5000 0.8348 0.5226 6.1969
170.6000 0.8320 0.5223 0.2887
170.7000 0.8295 0.5211 0.6637
170.8000 0.8277 0.5190 1.0388
170.9000 0.8268 0.5164 1.4137
171.0000 0.8269 0.5136 1.7886
171.1000 0.8280 0.5111 2.1635
171.2000 0.8299 0.5091 2.5384
171.3000 0.8324 0.5080 2.9134
171.4000 0.8352 0.5079 3.2885
171.5000 0.8378 0.5088 3.6637
171.6000 0.8399 0.5106 4.0390
171.7000 0.8412 0.5130 4.4142
171.8000 0.8415 0.5158 4.7894
171.9000 0.8408 0.5185 5.1645
172.0000 0.8392 0.5207 5.5395
172.1000 0.8368 0.5222 5.9144
172.2000 0.8341 0.5227 0.0061
172.3000 0.8314 0.5221 0.3811
172.4000 0.8290 0.5206 0.7562
172.5000 0.8274 0.5184 1.1312
172.6000 0.8267 0.5157 1.5061
172.7000 0.8271 0.5130 1.8810
172.8000 0.8284 0.5105 2.2560
172.9000 0.8305 0.5088 2.6309
173.0000 0.8331 0.5079 3.0059
173.1000 0.8359 0.5080 3.3810
173.2000 0.8384 0.5092 3.7562
173.3000 0.8403 0.5112 4.1315
173.4000 0.8414 0.5137 4.5068
173.5000 0.8415 0.5165 4.8819
173.6000 0.8405 0.5191 5.2570
173.7000 0.8386 0.5212 5.6320
173.8000 0.8362 0.5224 6.0069
173.9000 0.8334 0.5226 0.0987
174.0000 0.8307 0.5219 0.4737
174.1000 0.8286 0.5202 0.8487
174.2000 0.8271 0.5178 1.2237
174.3000 0.8267 0.5150 1.5986
174.4000 0.8273 0.5123 1.9735
174.5000 0.8288 0.5100 2.3484
174.6000 0.8311 0.5085 2.7234
174.7000 0.8338 0.5078 3.0984
174.8000 0.8366 0.5082 3.4735
174.9000 0.8390 0.5096 3.8488
175.0000 0.8407 0.5118 4.2240
175.1000 0.8415 0.5144 4.5993
175.2000 0.8413 0.5172 4.9744
175.3000 0.8401 0.5197 5.3495
175.4000 0.8381 0.5216 5.7244
175.5000 0.8355 0.5226 6.0993
175.6000 0.8327 0.5226 0.1911
175.7000 0.8302 0.5215 0.5661
175.8000 0.8281 0.5196 0.9411
175.9000 0.8270 0.5171 1.3161
176.0000 0.8268 0.5144 1.6910
176.1000 0.8276 0.5117 2.0659
176.2000 0.8293 0.5096 2.4408
176.3000 0.8318 0.5082 2.8157
176.4000 0.8345 0.5078 3.1908
176.5000 0.8372 0.5085 3.5659
176.6000 0.8395 0.5101 3.9412
176.7000 0.8410 0.5124 4.3164
176.8000 0.8416 0.5151 4.6916
176.9000 0.8411 0.5179 5.0667
177.0000 0.8397 0.5202 5.4417
177.1000 0.8375 0.5219 5.8167
177.2000 0.8348 0.5227 6.1916
177.3000 0.8321 0.5224 0.2834
177.4000 0.8296 0.5212 0.6584
177.5000 0.8278 0.5191 1.0334
177.6000 0.8268 0.5165 1.4084
177.7000 0.8269 0.5137 1.7833
177.8000 0.8280 0.5112 2.1582
177.9000 0.8299 0.5092 2.5331
178.0000 0.8324 0.5080 2.9080
178.1000 0.8352 0.5079 3.2831
178.2000 0.8378 0.5088 3.6583
178.3000 0.8399 0.5106 4.0335
178.4000 0.8412 0.5131 4.4087
178.5000 0.8416 0.5158 4.7839
178.6000 0.8409 0.5185 5.1590
178.7000 0.8392 0.5207 5.5340
178.8000 0.8369 0.5222 5.9089
178.9000 0.8342 0.5227 0.0006
179.0000 0.8314 0.5222 0.3756
179.1000 0.8291 0.5207 0.7506
179.2000 0.8274 0.5185 1.1256
179.3000 0.8267 0.5158 1.5006
179.4000 0.8271 0.5131 1.8755
179.5000 0.8284 0.5106 2.2504
179.6000 0.8305 0.5088 2.6253
179.7000 0.8331 0.5079 3.0003
179.8000 0.8359 0.5081 3.3754
179.9000 0.8384 0.5092 3.7506
180.0000 0.8404 0.5112 4.1258
180.1000 0.8414 0.5137 4.5011
180.2000 0.8415 0.5165 4.8762
180.3000 0.8405 0.5191 5.2513
180.4000 0.8387 0.5212 5.6262
180.5000 0.8362 0.5224 6.0012
180.6000 0.8335 0.5227 0.0929
180.7000 0.8308 0.5219 0.4679
180.8000 0.8286 0.5202 0.8429
180.9000 0.8272 0.5179 1.2179
181.0000 0.8267 0.5151 1.5928
181.1000 0.8273 0.5124 1.9677
181.2000 0.8288 0.5101 2.3426
181.3000 0.8311 0.5085 2.7175
181.4000 0.8338 0.5079 3.0925
181.5000 0.8365 0.5083 3.4677
181.6000 0.8390 0.5096 3.8429
181.7000 0.8407 0.5118 4.2181
181.8000 0.8416 0.5144 4.5933
181.9000 0.8414 0.5172 4.9685
182.0000 0.8402 0.5197 5.3435
182.1000 0.8382 0.5216 5.7184
182.2000 0.8356 0.5226 6.0933
182.3000 0.8328 0.5226 0.1851
182.4000 0.8302 0.5216 0.5601
182.5000 0.8282 0.5197 0.9351
182.6000 0.8270 0.5172 1.3100
182.7000 0.8268 0.5145 1.6849
182.8000 0.8276 0.5118 2.0598
182.9000 0.8293 0.5097 2.4347
183.0000 0.8317 0.5083 2.8096
183.1000 0.8345 0.5079 3.1846
183.2000 0.8372 0.5085 3.5598
183.3000 0.8395 0.5101 3.9350
183.4000 0.8410 0.5124 4.3102
183.5000 0.8416 0.5151 4.6854
183.6000 0.8412 0.5179 5.0605
183.7000 0.8398 0.5203 5.4355
183.8000 0.8376 0.5220 5.8104
183.9000 0.8349 0.5227 6.1853
184.0000 0.8322 0.5225 0.2771
184.1000 0.8297 0.5212 0.6521
184.2000 0.8278 0.5192 1.0271
184.3000 0.8269 0.5166 1.4020
184.4000 0.8269 0.5138 1.7769
184.5000 0.8280 0.5112 2.1518
184.6000 0.8299 0.5093 2.5266
184.7000 0.8324 0.5081 2.9016
184.8000 0.8352 0.5080 3.2766
184.9000 0.8378 0.5088 3.6518
